1	1	0	3.19848400000000	0.923326000000000	3.80638900000000	1
2	2	0	3.19848400000000	0.923326000000000	8.88157300000000	1
3	3	0	3.19848400000000	0.923326000000000	13.9567580000000	1
4	3	0	3.19848400000000	0.923326000000000	19.0319430000000	1
5	3	0	3.19848400000000	0.923326000000000	24.1071280000000	1
6	3	0	3.19848400000000	0.923326000000000	29.1823130000000	1
7	3	0	3.19848400000000	0.923326000000000	34.2574980000000	1
8	3	0	3.19848400000000	0.923326000000000	39.3326820000000	1
9	3	0	3.19848400000000	0.923326000000000	44.4078670000000	1
10	1	0	1.59924100000000	3.69329600000000	3.80638900000000	1
11	2	0	1.59924100000000	3.69329600000000	8.88157300000000	1
12	3	0	1.59924100000000	3.69329600000000	13.9567580000000	1
13	3	0	1.59924100000000	3.69329600000000	19.0319430000000	1
14	3	0	1.59924100000000	3.69329600000000	24.1071280000000	1
15	3	0	1.59924100000000	3.69329600000000	29.1823130000000	1
16	3	0	1.59924100000000	3.69329600000000	34.2574980000000	1
17	3	0	1.59924100000000	3.69329600000000	39.3326820000000	1
18	3	0	1.59924100000000	3.69329600000000	44.4078670000000	1
19	1	0	6.39697000000000	0.923326000000000	3.80638900000000	1
20	2	0	6.39697000000000	0.923326000000000	8.88157300000000	1
21	3	0	6.39697000000000	0.923326000000000	13.9567580000000	1
22	3	0	6.39697000000000	0.923326000000000	19.0319430000000	1
23	3	0	6.39697000000000	0.923326000000000	24.1071280000000	1
24	3	0	6.39697000000000	0.923326000000000	29.1823130000000	1
25	3	0	6.39697000000000	0.923326000000000	34.2574980000000	1
26	3	0	6.39697000000000	0.923326000000000	39.3326820000000	1
27	3	0	6.39697000000000	0.923326000000000	44.4078670000000	1
28	1	0	4.79772700000000	3.69329600000000	3.80638900000000	1
29	2	0	4.79772700000000	3.69329600000000	8.88157300000000	1
30	3	0	4.79772700000000	3.69329600000000	13.9567580000000	1
31	3	0	4.79772700000000	3.69329600000000	19.0319430000000	1
32	3	0	4.79772700000000	3.69329600000000	24.1071280000000	1
33	3	0	4.79772700000000	3.69329600000000	29.1823130000000	1
34	3	0	4.79772700000000	3.69329600000000	34.2574980000000	1
35	3	0	4.79772700000000	3.69329600000000	39.3326820000000	1
36	3	0	4.79772700000000	3.69329600000000	44.4078670000000	1
37	1	0	3.19848400000000	6.46326600000000	3.80638900000000	1
38	2	0	3.19848400000000	6.46326600000000	8.88157300000000	1
39	3	0	3.19848400000000	6.46326600000000	13.9567580000000	1
40	3	0	3.19848400000000	6.46326600000000	19.0319430000000	1
41	3	0	3.19848400000000	6.46326600000000	24.1071280000000	1
42	3	0	3.19848400000000	6.46326600000000	29.1823130000000	1
43	3	0	3.19848400000000	6.46326600000000	34.2574980000000	1
44	3	0	3.19848400000000	6.46326600000000	39.3326820000000	1
45	3	0	3.19848400000000	6.46326600000000	44.4078670000000	1
46	1	0	1.59924100000000	9.23323600000000	3.80638900000000	1
47	2	0	1.59924100000000	9.23323600000000	8.88157300000000	1
48	3	0	1.59924100000000	9.23323600000000	13.9567580000000	1
49	3	0	1.59924100000000	9.23323600000000	19.0319430000000	1
50	3	0	1.59924100000000	9.23323600000000	24.1071280000000	1
51	3	0	1.59924100000000	9.23323600000000	29.1823130000000	1
52	3	0	1.59924100000000	9.23323600000000	34.2574980000000	1
53	3	0	1.59924100000000	9.23323600000000	39.3326820000000	1
54	3	0	1.59924100000000	9.23323600000000	44.4078670000000	1
55	1	0	9.59545600000000	0.923326000000000	3.80638900000000	1
56	2	0	9.59545600000000	0.923326000000000	8.88157300000000	1
57	3	0	9.59545600000000	0.923326000000000	13.9567580000000	1
58	3	0	9.59545600000000	0.923326000000000	19.0319430000000	1
59	3	0	9.59545600000000	0.923326000000000	24.1071280000000	1
60	3	0	9.59545600000000	0.923326000000000	29.1823130000000	1
61	3	0	9.59545600000000	0.923326000000000	34.2574980000000	1
62	3	0	9.59545600000000	0.923326000000000	39.3326820000000	1
63	3	0	9.59545600000000	0.923326000000000	44.4078670000000	1
64	1	0	7.99621300000000	3.69329600000000	3.80638900000000	1
65	2	0	7.99621300000000	3.69329600000000	8.88157300000000	1
66	3	0	7.99621300000000	3.69329600000000	13.9567580000000	1
67	3	0	7.99621300000000	3.69329600000000	19.0319430000000	1
68	3	0	7.99621300000000	3.69329600000000	24.1071280000000	1
69	3	0	7.99621300000000	3.69329600000000	29.1823130000000	1
70	3	0	7.99621300000000	3.69329600000000	34.2574980000000	1
71	3	0	7.99621300000000	3.69329600000000	39.3326820000000	1
72	3	0	7.99621300000000	3.69329600000000	44.4078670000000	1
73	1	0	6.39697000000000	6.46326600000000	3.80638900000000	1
74	2	0	6.39697000000000	6.46326600000000	8.88157300000000	1
75	3	0	6.39697000000000	6.46326600000000	13.9567580000000	1
76	3	0	6.39697000000000	6.46326600000000	19.0319430000000	1
77	3	0	6.39697000000000	6.46326600000000	24.1071280000000	1
78	3	0	6.39697000000000	6.46326600000000	29.1823130000000	1
79	3	0	6.39697000000000	6.46326600000000	34.2574980000000	1
80	3	0	6.39697000000000	6.46326600000000	39.3326820000000	1
81	3	0	6.39697000000000	6.46326600000000	44.4078670000000	1
82	1	0	4.79772700000000	9.23323600000000	3.80638900000000	1
83	2	0	4.79772700000000	9.23323600000000	8.88157300000000	1
84	3	0	4.79772700000000	9.23323600000000	13.9567580000000	1
85	3	0	4.79772700000000	9.23323600000000	19.0319430000000	1
86	3	0	4.79772700000000	9.23323600000000	24.1071280000000	1
87	3	0	4.79772700000000	9.23323600000000	29.1823130000000	1
88	3	0	4.79772700000000	9.23323600000000	34.2574980000000	1
89	3	0	4.79772700000000	9.23323600000000	39.3326820000000	1
90	3	0	4.79772700000000	9.23323600000000	44.4078670000000	1
91	1	0	3.19848400000000	12.0032060000000	3.80638900000000	1
92	2	0	3.19848400000000	12.0032060000000	8.88157300000000	1
93	3	0	3.19848400000000	12.0032060000000	13.9567580000000	1
94	3	0	3.19848400000000	12.0032060000000	19.0319430000000	1
95	3	0	3.19848400000000	12.0032060000000	24.1071280000000	1
96	3	0	3.19848400000000	12.0032060000000	29.1823130000000	1
97	3	0	3.19848400000000	12.0032060000000	34.2574980000000	1
98	3	0	3.19848400000000	12.0032060000000	39.3326820000000	1
99	3	0	3.19848400000000	12.0032060000000	44.4078670000000	1
100	1	0	1.59924100000000	14.7731760000000	3.80638900000000	1
101	2	0	1.59924100000000	14.7731760000000	8.88157300000000	1
102	3	0	1.59924100000000	14.7731760000000	13.9567580000000	1
103	3	0	1.59924100000000	14.7731760000000	19.0319430000000	1
104	3	0	1.59924100000000	14.7731760000000	24.1071280000000	1
105	3	0	1.59924100000000	14.7731760000000	29.1823130000000	1
106	3	0	1.59924100000000	14.7731760000000	34.2574980000000	1
107	3	0	1.59924100000000	14.7731760000000	39.3326820000000	1
108	3	0	1.59924100000000	14.7731760000000	44.4078670000000	1
109	1	0	12.7939420000000	0.923326000000000	3.80638900000000	1
110	2	0	12.7939420000000	0.923326000000000	8.88157300000000	1
111	3	0	12.7939420000000	0.923326000000000	13.9567580000000	1
112	3	0	12.7939420000000	0.923326000000000	19.0319430000000	1
113	3	0	12.7939420000000	0.923326000000000	24.1071280000000	1
114	3	0	12.7939420000000	0.923326000000000	29.1823130000000	1
115	3	0	12.7939420000000	0.923326000000000	34.2574980000000	1
116	3	0	12.7939420000000	0.923326000000000	39.3326820000000	1
117	3	0	12.7939420000000	0.923326000000000	44.4078670000000	1
118	1	0	11.1946990000000	3.69329600000000	3.80638900000000	1
119	2	0	11.1946990000000	3.69329600000000	8.88157300000000	1
120	3	0	11.1946990000000	3.69329600000000	13.9567580000000	1
121	3	0	11.1946990000000	3.69329600000000	19.0319430000000	1
122	3	0	11.1946990000000	3.69329600000000	24.1071280000000	1
123	3	0	11.1946990000000	3.69329600000000	29.1823130000000	1
124	3	0	11.1946990000000	3.69329600000000	34.2574980000000	1
125	3	0	11.1946990000000	3.69329600000000	39.3326820000000	1
126	3	0	11.1946990000000	3.69329600000000	44.4078670000000	1
127	1	0	9.59545600000000	6.46326600000000	3.80638900000000	1
128	2	0	9.59545600000000	6.46326600000000	8.88157300000000	1
129	3	0	9.59545600000000	6.46326600000000	13.9567580000000	1
130	3	0	9.59545600000000	6.46326600000000	19.0319430000000	1
131	3	0	9.59545600000000	6.46326600000000	24.1071280000000	1
132	3	0	9.59545600000000	6.46326600000000	29.1823130000000	1
133	3	0	9.59545600000000	6.46326600000000	34.2574980000000	1
134	3	0	9.59545600000000	6.46326600000000	39.3326820000000	1
135	3	0	9.59545600000000	6.46326600000000	44.4078670000000	1
136	1	0	7.99621300000000	9.23323600000000	3.80638900000000	1
137	2	0	7.99621300000000	9.23323600000000	8.88157300000000	1
138	3	0	7.99621300000000	9.23323600000000	13.9567580000000	1
139	3	0	7.99621300000000	9.23323600000000	19.0319430000000	1
140	3	0	7.99621300000000	9.23323600000000	24.1071280000000	1
141	3	0	7.99621300000000	9.23323600000000	29.1823130000000	1
142	3	0	7.99621300000000	9.23323600000000	34.2574980000000	1
143	3	0	7.99621300000000	9.23323600000000	39.3326820000000	1
144	3	0	7.99621300000000	9.23323600000000	44.4078670000000	1
145	1	0	6.39697000000000	12.0032060000000	3.80638900000000	1
146	2	0	6.39697000000000	12.0032060000000	8.88157300000000	1
147	3	0	6.39697000000000	12.0032060000000	13.9567580000000	1
148	3	0	6.39697000000000	12.0032060000000	19.0319430000000	1
149	3	0	6.39697000000000	12.0032060000000	24.1071280000000	1
150	3	0	6.39697000000000	12.0032060000000	29.1823130000000	1
151	3	0	6.39697000000000	12.0032060000000	34.2574980000000	1
152	3	0	6.39697000000000	12.0032060000000	39.3326820000000	1
153	3	0	6.39697000000000	12.0032060000000	44.4078670000000	1
154	1	0	4.79772700000000	14.7731760000000	3.80638900000000	1
155	2	0	4.79772700000000	14.7731760000000	8.88157300000000	1
156	3	0	4.79772700000000	14.7731760000000	13.9567580000000	1
157	3	0	4.79772700000000	14.7731760000000	19.0319430000000	1
158	3	0	4.79772700000000	14.7731760000000	24.1071280000000	1
159	3	0	4.79772700000000	14.7731760000000	29.1823130000000	1
160	3	0	4.79772700000000	14.7731760000000	34.2574980000000	1
161	3	0	4.79772700000000	14.7731760000000	39.3326820000000	1
162	3	0	4.79772700000000	14.7731760000000	44.4078670000000	1
163	1	0	3.19848400000000	17.5431460000000	3.80638900000000	1
164	2	0	3.19848400000000	17.5431460000000	8.88157300000000	1
165	3	0	3.19848400000000	17.5431460000000	13.9567580000000	1
166	3	0	3.19848400000000	17.5431460000000	19.0319430000000	1
167	3	0	3.19848400000000	17.5431460000000	24.1071280000000	1
168	3	0	3.19848400000000	17.5431460000000	29.1823130000000	1
169	3	0	3.19848400000000	17.5431460000000	34.2574980000000	1
170	3	0	3.19848400000000	17.5431460000000	39.3326820000000	1
171	3	0	3.19848400000000	17.5431460000000	44.4078670000000	1
172	1	0	1.59924100000000	20.3131160000000	3.80638900000000	1
173	2	0	1.59924100000000	20.3131160000000	8.88157300000000	1
174	3	0	1.59924100000000	20.3131160000000	13.9567580000000	1
175	3	0	1.59924100000000	20.3131160000000	19.0319430000000	1
176	3	0	1.59924100000000	20.3131160000000	24.1071280000000	1
177	3	0	1.59924100000000	20.3131160000000	29.1823130000000	1
178	3	0	1.59924100000000	20.3131160000000	34.2574980000000	1
179	3	0	1.59924100000000	20.3131160000000	39.3326820000000	1
180	3	0	1.59924100000000	20.3131160000000	44.4078670000000	1
181	1	0	15.9924280000000	0.923326000000000	3.80638900000000	1
182	2	0	15.9924280000000	0.923326000000000	8.88157300000000	1
183	3	0	15.9924280000000	0.923326000000000	13.9567580000000	1
184	3	0	15.9924280000000	0.923326000000000	19.0319430000000	1
185	3	0	15.9924280000000	0.923326000000000	24.1071280000000	1
186	3	0	15.9924280000000	0.923326000000000	29.1823130000000	1
187	3	0	15.9924280000000	0.923326000000000	34.2574980000000	1
188	3	0	15.9924280000000	0.923326000000000	39.3326820000000	1
189	3	0	15.9924280000000	0.923326000000000	44.4078670000000	1
190	1	0	14.3931850000000	3.69329600000000	3.80638900000000	1
191	2	0	14.3931850000000	3.69329600000000	8.88157300000000	1
192	3	0	14.3931850000000	3.69329600000000	13.9567580000000	1
193	3	0	14.3931850000000	3.69329600000000	19.0319430000000	1
194	3	0	14.3931850000000	3.69329600000000	24.1071280000000	1
195	3	0	14.3931850000000	3.69329600000000	29.1823130000000	1
196	3	0	14.3931850000000	3.69329600000000	34.2574980000000	1
197	3	0	14.3931850000000	3.69329600000000	39.3326820000000	1
198	3	0	14.3931850000000	3.69329600000000	44.4078670000000	1
199	1	0	12.7939420000000	6.46326600000000	3.80638900000000	1
200	2	0	12.7939420000000	6.46326600000000	8.88157300000000	1
201	3	0	12.7939420000000	6.46326600000000	13.9567580000000	1
202	3	0	12.7939420000000	6.46326600000000	19.0319430000000	1
203	3	0	12.7939420000000	6.46326600000000	24.1071280000000	1
204	3	0	12.7939420000000	6.46326600000000	29.1823130000000	1
205	3	0	12.7939420000000	6.46326600000000	34.2574980000000	1
206	3	0	12.7939420000000	6.46326600000000	39.3326820000000	1
207	3	0	12.7939420000000	6.46326600000000	44.4078670000000	1
208	1	0	11.1946990000000	9.23323600000000	3.80638900000000	1
209	2	0	11.1946990000000	9.23323600000000	8.88157300000000	1
210	3	0	11.1946990000000	9.23323600000000	13.9567580000000	1
211	3	0	11.1946990000000	9.23323600000000	19.0319430000000	1
212	3	0	11.1946990000000	9.23323600000000	24.1071280000000	1
213	3	0	11.1946990000000	9.23323600000000	29.1823130000000	1
214	3	0	11.1946990000000	9.23323600000000	34.2574980000000	1
215	3	0	11.1946990000000	9.23323600000000	39.3326820000000	1
216	3	0	11.1946990000000	9.23323600000000	44.4078670000000	1
217	1	0	9.59545600000000	12.0032060000000	3.80638900000000	1
218	2	0	9.59545600000000	12.0032060000000	8.88157300000000	1
219	3	0	9.59545600000000	12.0032060000000	13.9567580000000	1
220	3	0	9.59545600000000	12.0032060000000	19.0319430000000	1
221	3	0	9.59545600000000	12.0032060000000	24.1071280000000	1
222	3	0	9.59545600000000	12.0032060000000	29.1823130000000	1
223	3	0	9.59545600000000	12.0032060000000	34.2574980000000	1
224	3	0	9.59545600000000	12.0032060000000	39.3326820000000	1
225	3	0	9.59545600000000	12.0032060000000	44.4078670000000	1
226	1	0	7.99621300000000	14.7731760000000	3.80638900000000	1
227	2	0	7.99621300000000	14.7731760000000	8.88157300000000	1
228	3	0	7.99621300000000	14.7731760000000	13.9567580000000	1
229	3	0	7.99621300000000	14.7731760000000	19.0319430000000	1
230	3	0	7.99621300000000	14.7731760000000	24.1071280000000	1
231	3	0	7.99621300000000	14.7731760000000	29.1823130000000	1
232	3	0	7.99621300000000	14.7731760000000	34.2574980000000	1
233	3	0	7.99621300000000	14.7731760000000	39.3326820000000	1
234	3	0	7.99621300000000	14.7731760000000	44.4078670000000	1
235	1	0	6.39697000000000	17.5431460000000	3.80638900000000	1
236	2	0	6.39697000000000	17.5431460000000	8.88157300000000	1
237	3	0	6.39697000000000	17.5431460000000	13.9567580000000	1
238	3	0	6.39697000000000	17.5431460000000	19.0319430000000	1
239	3	0	6.39697000000000	17.5431460000000	24.1071280000000	1
240	3	0	6.39697000000000	17.5431460000000	29.1823130000000	1
241	3	0	6.39697000000000	17.5431460000000	34.2574980000000	1
242	3	0	6.39697000000000	17.5431460000000	39.3326820000000	1
243	3	0	6.39697000000000	17.5431460000000	44.4078670000000	1
244	1	0	4.79772700000000	20.3131160000000	3.80638900000000	1
245	2	0	4.79772700000000	20.3131160000000	8.88157300000000	1
246	3	0	4.79772700000000	20.3131160000000	13.9567580000000	1
247	3	0	4.79772700000000	20.3131160000000	19.0319430000000	1
248	3	0	4.79772700000000	20.3131160000000	24.1071280000000	1
249	3	0	4.79772700000000	20.3131160000000	29.1823130000000	1
250	3	0	4.79772700000000	20.3131160000000	34.2574980000000	1
251	3	0	4.79772700000000	20.3131160000000	39.3326820000000	1
252	3	0	4.79772700000000	20.3131160000000	44.4078670000000	1
253	1	0	3.19848400000000	23.0830860000000	3.80638900000000	1
254	2	0	3.19848400000000	23.0830860000000	8.88157300000000	1
255	3	0	3.19848400000000	23.0830860000000	13.9567580000000	1
256	3	0	3.19848400000000	23.0830860000000	19.0319430000000	1
257	3	0	3.19848400000000	23.0830860000000	24.1071280000000	1
258	3	0	3.19848400000000	23.0830860000000	29.1823130000000	1
259	3	0	3.19848400000000	23.0830860000000	34.2574980000000	1
260	3	0	3.19848400000000	23.0830860000000	39.3326820000000	1
261	3	0	3.19848400000000	23.0830860000000	44.4078670000000	1
262	1	0	1.59924100000000	25.8530560000000	3.80638900000000	1
263	2	0	1.59924100000000	25.8530560000000	8.88157300000000	1
264	3	0	1.59924100000000	25.8530560000000	13.9567580000000	1
265	3	0	1.59924100000000	25.8530560000000	19.0319430000000	1
266	3	0	1.59924100000000	25.8530560000000	24.1071280000000	1
267	3	0	1.59924100000000	25.8530560000000	29.1823130000000	1
268	3	0	1.59924100000000	25.8530560000000	34.2574980000000	1
269	3	0	1.59924100000000	25.8530560000000	39.3326820000000	1
270	3	0	1.59924100000000	25.8530560000000	44.4078670000000	1
271	1	0	19.1909130000000	0.923326000000000	3.80638900000000	1
272	2	0	19.1909130000000	0.923326000000000	8.88157300000000	1
273	3	0	19.1909130000000	0.923326000000000	13.9567580000000	1
274	3	0	19.1909130000000	0.923326000000000	19.0319430000000	1
275	3	0	19.1909130000000	0.923326000000000	24.1071280000000	1
276	3	0	19.1909130000000	0.923326000000000	29.1823130000000	1
277	3	0	19.1909130000000	0.923326000000000	34.2574980000000	1
278	3	0	19.1909130000000	0.923326000000000	39.3326820000000	1
279	3	0	19.1909130000000	0.923326000000000	44.4078670000000	1
280	1	0	17.5916710000000	3.69329600000000	3.80638900000000	1
281	2	0	17.5916710000000	3.69329600000000	8.88157300000000	1
282	3	0	17.5916710000000	3.69329600000000	13.9567580000000	1
283	3	0	17.5916710000000	3.69329600000000	19.0319430000000	1
284	3	0	17.5916710000000	3.69329600000000	24.1071280000000	1
285	3	0	17.5916710000000	3.69329600000000	29.1823130000000	1
286	3	0	17.5916710000000	3.69329600000000	34.2574980000000	1
287	3	0	17.5916710000000	3.69329600000000	39.3326820000000	1
288	3	0	17.5916710000000	3.69329600000000	44.4078670000000	1
289	1	0	15.9924280000000	6.46326600000000	3.80638900000000	1
290	2	0	15.9924280000000	6.46326600000000	8.88157300000000	1
291	3	0	15.9924280000000	6.46326600000000	13.9567580000000	1
292	3	0	15.9924280000000	6.46326600000000	19.0319430000000	1
293	3	0	15.9924280000000	6.46326600000000	24.1071280000000	1
294	3	0	15.9924280000000	6.46326600000000	29.1823130000000	1
295	3	0	15.9924280000000	6.46326600000000	34.2574980000000	1
296	3	0	15.9924280000000	6.46326600000000	39.3326820000000	1
297	3	0	15.9924280000000	6.46326600000000	44.4078670000000	1
298	1	0	14.3931850000000	9.23323600000000	3.80638900000000	1
299	2	0	14.3931850000000	9.23323600000000	8.88157300000000	1
300	3	0	14.3931850000000	9.23323600000000	13.9567580000000	1
301	3	0	14.3931850000000	9.23323600000000	19.0319430000000	1
302	3	0	14.3931850000000	9.23323600000000	24.1071280000000	1
303	3	0	14.3931850000000	9.23323600000000	29.1823130000000	1
304	3	0	14.3931850000000	9.23323600000000	34.2574980000000	1
305	3	0	14.3931850000000	9.23323600000000	39.3326820000000	1
306	3	0	14.3931850000000	9.23323600000000	44.4078670000000	1
307	1	0	12.7939420000000	12.0032060000000	3.80638900000000	1
308	2	0	12.7939420000000	12.0032060000000	8.88157300000000	1
309	3	0	12.7939420000000	12.0032060000000	13.9567580000000	1
310	3	0	12.7939420000000	12.0032060000000	19.0319430000000	1
311	3	0	12.7939420000000	12.0032060000000	24.1071280000000	1
312	3	0	12.7939420000000	12.0032060000000	29.1823130000000	1
313	3	0	12.7939420000000	12.0032060000000	34.2574980000000	1
314	3	0	12.7939420000000	12.0032060000000	39.3326820000000	1
315	3	0	12.7939420000000	12.0032060000000	44.4078670000000	1
316	1	0	11.1946990000000	14.7731760000000	3.80638900000000	1
317	2	0	11.1946990000000	14.7731760000000	8.88157300000000	1
318	3	0	11.1946990000000	14.7731760000000	13.9567580000000	1
319	3	0	11.1946990000000	14.7731760000000	19.0319430000000	1
320	3	0	11.1946990000000	14.7731760000000	24.1071280000000	1
321	3	0	11.1946990000000	14.7731760000000	29.1823130000000	1
322	3	0	11.1946990000000	14.7731760000000	34.2574980000000	1
323	3	0	11.1946990000000	14.7731760000000	39.3326820000000	1
324	3	0	11.1946990000000	14.7731760000000	44.4078670000000	1
325	1	0	9.59545600000000	17.5431460000000	3.80638900000000	1
326	2	0	9.59545600000000	17.5431460000000	8.88157300000000	1
327	3	0	9.59545600000000	17.5431460000000	13.9567580000000	1
328	3	0	9.59545600000000	17.5431460000000	19.0319430000000	1
329	3	0	9.59545600000000	17.5431460000000	24.1071280000000	1
330	3	0	9.59545600000000	17.5431460000000	29.1823130000000	1
331	3	0	9.59545600000000	17.5431460000000	34.2574980000000	1
332	3	0	9.59545600000000	17.5431460000000	39.3326820000000	1
333	3	0	9.59545600000000	17.5431460000000	44.4078670000000	1
334	1	0	7.99621300000000	20.3131160000000	3.80638900000000	1
335	2	0	7.99621300000000	20.3131160000000	8.88157300000000	1
336	3	0	7.99621300000000	20.3131160000000	13.9567580000000	1
337	3	0	7.99621300000000	20.3131160000000	19.0319430000000	1
338	3	0	7.99621300000000	20.3131160000000	24.1071280000000	1
339	3	0	7.99621300000000	20.3131160000000	29.1823130000000	1
340	3	0	7.99621300000000	20.3131160000000	34.2574980000000	1
341	3	0	7.99621300000000	20.3131160000000	39.3326820000000	1
342	3	0	7.99621300000000	20.3131160000000	44.4078670000000	1
343	1	0	6.39697000000000	23.0830860000000	3.80638900000000	1
344	2	0	6.39697000000000	23.0830860000000	8.88157300000000	1
345	3	0	6.39697000000000	23.0830860000000	13.9567580000000	1
346	3	0	6.39697000000000	23.0830860000000	19.0319430000000	1
347	3	0	6.39697000000000	23.0830860000000	24.1071280000000	1
348	3	0	6.39697000000000	23.0830860000000	29.1823130000000	1
349	3	0	6.39697000000000	23.0830860000000	34.2574980000000	1
350	3	0	6.39697000000000	23.0830860000000	39.3326820000000	1
351	3	0	6.39697000000000	23.0830860000000	44.4078670000000	1
352	1	0	4.79772700000000	25.8530560000000	3.80638900000000	1
353	2	0	4.79772700000000	25.8530560000000	8.88157300000000	1
354	3	0	4.79772700000000	25.8530560000000	13.9567580000000	1
355	3	0	4.79772700000000	25.8530560000000	19.0319430000000	1
356	3	0	4.79772700000000	25.8530560000000	24.1071280000000	1
357	3	0	4.79772700000000	25.8530560000000	29.1823130000000	1
358	3	0	4.79772700000000	25.8530560000000	34.2574980000000	1
359	3	0	4.79772700000000	25.8530560000000	39.3326820000000	1
360	3	0	4.79772700000000	25.8530560000000	44.4078670000000	1
361	1	0	22.3893990000000	0.923326000000000	3.80638900000000	1
362	2	0	22.3893990000000	0.923326000000000	8.88157300000000	1
363	3	0	22.3893990000000	0.923326000000000	13.9567580000000	1
364	3	0	22.3893990000000	0.923326000000000	19.0319430000000	1
365	3	0	22.3893990000000	0.923326000000000	24.1071280000000	1
366	3	0	22.3893990000000	0.923326000000000	29.1823130000000	1
367	3	0	22.3893990000000	0.923326000000000	34.2574980000000	1
368	3	0	22.3893990000000	0.923326000000000	39.3326820000000	1
369	3	0	22.3893990000000	0.923326000000000	44.4078670000000	1
370	1	0	20.7901560000000	3.69329600000000	3.80638900000000	1
371	2	0	20.7901560000000	3.69329600000000	8.88157300000000	1
372	3	0	20.7901560000000	3.69329600000000	13.9567580000000	1
373	3	0	20.7901560000000	3.69329600000000	19.0319430000000	1
374	3	0	20.7901560000000	3.69329600000000	24.1071280000000	1
375	3	0	20.7901560000000	3.69329600000000	29.1823130000000	1
376	3	0	20.7901560000000	3.69329600000000	34.2574980000000	1
377	3	0	20.7901560000000	3.69329600000000	39.3326820000000	1
378	3	0	20.7901560000000	3.69329600000000	44.4078670000000	1
379	1	0	19.1909130000000	6.46326600000000	3.80638900000000	1
380	2	0	19.1909130000000	6.46326600000000	8.88157300000000	1
381	3	0	19.1909130000000	6.46326600000000	13.9567580000000	1
382	3	0	19.1909130000000	6.46326600000000	19.0319430000000	1
383	3	0	19.1909130000000	6.46326600000000	24.1071280000000	1
384	3	0	19.1909130000000	6.46326600000000	29.1823130000000	1
385	3	0	19.1909130000000	6.46326600000000	34.2574980000000	1
386	3	0	19.1909130000000	6.46326600000000	39.3326820000000	1
387	3	0	19.1909130000000	6.46326600000000	44.4078670000000	1
388	1	0	17.5916710000000	9.23323600000000	3.80638900000000	1
389	2	0	17.5916710000000	9.23323600000000	8.88157300000000	1
390	3	0	17.5916710000000	9.23323600000000	13.9567580000000	1
391	3	0	17.5916710000000	9.23323600000000	19.0319430000000	1
392	3	0	17.5916710000000	9.23323600000000	24.1071280000000	1
393	3	0	17.5916710000000	9.23323600000000	29.1823130000000	1
394	3	0	17.5916710000000	9.23323600000000	34.2574980000000	1
395	3	0	17.5916710000000	9.23323600000000	39.3326820000000	1
396	3	0	17.5916710000000	9.23323600000000	44.4078670000000	1
397	1	0	15.9924280000000	12.0032060000000	3.80638900000000	1
398	2	0	15.9924280000000	12.0032060000000	8.88157300000000	1
399	3	0	15.9924280000000	12.0032060000000	13.9567580000000	1
400	3	0	15.9924280000000	12.0032060000000	19.0319430000000	1
401	3	0	15.9924280000000	12.0032060000000	24.1071280000000	1
402	3	0	15.9924280000000	12.0032060000000	29.1823130000000	1
403	3	0	15.9924280000000	12.0032060000000	34.2574980000000	1
404	3	0	15.9924280000000	12.0032060000000	39.3326820000000	1
405	3	0	15.9924280000000	12.0032060000000	44.4078670000000	1
406	1	0	14.3931850000000	14.7731760000000	3.80638900000000	1
407	2	0	14.3931850000000	14.7731760000000	8.88157300000000	1
408	3	0	14.3931850000000	14.7731760000000	13.9567580000000	1
409	3	0	14.3931850000000	14.7731760000000	19.0319430000000	1
410	3	0	14.3931850000000	14.7731760000000	24.1071280000000	1
411	3	0	14.3931850000000	14.7731760000000	29.1823130000000	1
412	3	0	14.3931850000000	14.7731760000000	34.2574980000000	1
413	3	0	14.3931850000000	14.7731760000000	39.3326820000000	1
414	3	0	14.3931850000000	14.7731760000000	44.4078670000000	1
415	1	0	12.7939420000000	17.5431460000000	3.80638900000000	1
416	2	0	12.7939420000000	17.5431460000000	8.88157300000000	1
417	3	0	12.7939420000000	17.5431460000000	13.9567580000000	1
418	3	0	12.7939420000000	17.5431460000000	19.0319430000000	1
419	3	0	12.7939420000000	17.5431460000000	24.1071280000000	1
420	3	0	12.7939420000000	17.5431460000000	29.1823130000000	1
421	3	0	12.7939420000000	17.5431460000000	34.2574980000000	1
422	3	0	12.7939420000000	17.5431460000000	39.3326820000000	1
423	3	0	12.7939420000000	17.5431460000000	44.4078670000000	1
424	1	0	11.1946990000000	20.3131160000000	3.80638900000000	1
425	2	0	11.1946990000000	20.3131160000000	8.88157300000000	1
426	3	0	11.1946990000000	20.3131160000000	13.9567580000000	1
427	3	0	11.1946990000000	20.3131160000000	19.0319430000000	1
428	3	0	11.1946990000000	20.3131160000000	24.1071280000000	1
429	3	0	11.1946990000000	20.3131160000000	29.1823130000000	1
430	3	0	11.1946990000000	20.3131160000000	34.2574980000000	1
431	3	0	11.1946990000000	20.3131160000000	39.3326820000000	1
432	3	0	11.1946990000000	20.3131160000000	44.4078670000000	1
433	1	0	9.59545600000000	23.0830860000000	3.80638900000000	1
434	2	0	9.59545600000000	23.0830860000000	8.88157300000000	1
435	3	0	9.59545600000000	23.0830860000000	13.9567580000000	1
436	3	0	9.59545600000000	23.0830860000000	19.0319430000000	1
437	3	0	9.59545600000000	23.0830860000000	24.1071280000000	1
438	3	0	9.59545600000000	23.0830860000000	29.1823130000000	1
439	3	0	9.59545600000000	23.0830860000000	34.2574980000000	1
440	3	0	9.59545600000000	23.0830860000000	39.3326820000000	1
441	3	0	9.59545600000000	23.0830860000000	44.4078670000000	1
442	1	0	7.99621300000000	25.8530560000000	3.80638900000000	1
443	2	0	7.99621300000000	25.8530560000000	8.88157300000000	1
444	3	0	7.99621300000000	25.8530560000000	13.9567580000000	1
445	3	0	7.99621300000000	25.8530560000000	19.0319430000000	1
446	3	0	7.99621300000000	25.8530560000000	24.1071280000000	1
447	3	0	7.99621300000000	25.8530560000000	29.1823130000000	1
448	3	0	7.99621300000000	25.8530560000000	34.2574980000000	1
449	3	0	7.99621300000000	25.8530560000000	39.3326820000000	1
450	3	0	7.99621300000000	25.8530560000000	44.4078670000000	1
451	1	0	25.5878850000000	0.923326000000000	3.80638900000000	1
452	2	0	25.5878850000000	0.923326000000000	8.88157300000000	1
453	3	0	25.5878850000000	0.923326000000000	13.9567580000000	1
454	3	0	25.5878850000000	0.923326000000000	19.0319430000000	1
455	3	0	25.5878850000000	0.923326000000000	24.1071280000000	1
456	3	0	25.5878850000000	0.923326000000000	29.1823130000000	1
457	3	0	25.5878850000000	0.923326000000000	34.2574980000000	1
458	3	0	25.5878850000000	0.923326000000000	39.3326820000000	1
459	3	0	25.5878850000000	0.923326000000000	44.4078670000000	1
460	1	0	23.9886420000000	3.69329600000000	3.80638900000000	1
461	2	0	23.9886420000000	3.69329600000000	8.88157300000000	1
462	3	0	23.9886420000000	3.69329600000000	13.9567580000000	1
463	3	0	23.9886420000000	3.69329600000000	19.0319430000000	1
464	3	0	23.9886420000000	3.69329600000000	24.1071280000000	1
465	3	0	23.9886420000000	3.69329600000000	29.1823130000000	1
466	3	0	23.9886420000000	3.69329600000000	34.2574980000000	1
467	3	0	23.9886420000000	3.69329600000000	39.3326820000000	1
468	3	0	23.9886420000000	3.69329600000000	44.4078670000000	1
469	1	0	22.3893990000000	6.46326600000000	3.80638900000000	1
470	2	0	22.3893990000000	6.46326600000000	8.88157300000000	1
471	3	0	22.3893990000000	6.46326600000000	13.9567580000000	1
472	3	0	22.3893990000000	6.46326600000000	19.0319430000000	1
473	3	0	22.3893990000000	6.46326600000000	24.1071280000000	1
474	3	0	22.3893990000000	6.46326600000000	29.1823130000000	1
475	3	0	22.3893990000000	6.46326600000000	34.2574980000000	1
476	3	0	22.3893990000000	6.46326600000000	39.3326820000000	1
477	3	0	22.3893990000000	6.46326600000000	44.4078670000000	1
478	1	0	20.7901560000000	9.23323600000000	3.80638900000000	1
479	2	0	20.7901560000000	9.23323600000000	8.88157300000000	1
480	3	0	20.7901560000000	9.23323600000000	13.9567580000000	1
481	3	0	20.7901560000000	9.23323600000000	19.0319430000000	1
482	3	0	20.7901560000000	9.23323600000000	24.1071280000000	1
483	3	0	20.7901560000000	9.23323600000000	29.1823130000000	1
484	3	0	20.7901560000000	9.23323600000000	34.2574980000000	1
485	3	0	20.7901560000000	9.23323600000000	39.3326820000000	1
486	3	0	20.7901560000000	9.23323600000000	44.4078670000000	1
487	1	0	19.1909130000000	12.0032060000000	3.80638900000000	1
488	2	0	19.1909130000000	12.0032060000000	8.88157300000000	1
489	3	0	19.1909130000000	12.0032060000000	13.9567580000000	1
490	3	0	19.1909130000000	12.0032060000000	19.0319430000000	1
491	3	0	19.1909130000000	12.0032060000000	24.1071280000000	1
492	3	0	19.1909130000000	12.0032060000000	29.1823130000000	1
493	3	0	19.1909130000000	12.0032060000000	34.2574980000000	1
494	3	0	19.1909130000000	12.0032060000000	39.3326820000000	1
495	3	0	19.1909130000000	12.0032060000000	44.4078670000000	1
496	1	0	17.5916710000000	14.7731760000000	3.80638900000000	1
497	2	0	17.5916710000000	14.7731760000000	8.88157300000000	1
498	3	0	17.5916710000000	14.7731760000000	13.9567580000000	1
499	3	0	17.5916710000000	14.7731760000000	19.0319430000000	1
500	3	0	17.5916710000000	14.7731760000000	24.1071280000000	1
501	3	0	17.5916710000000	14.7731760000000	29.1823130000000	1
502	3	0	17.5916710000000	14.7731760000000	34.2574980000000	1
503	3	0	17.5916710000000	14.7731760000000	39.3326820000000	1
504	3	0	17.5916710000000	14.7731760000000	44.4078670000000	1
505	1	0	15.9924280000000	17.5431460000000	3.80638900000000	1
506	2	0	15.9924280000000	17.5431460000000	8.88157300000000	1
507	3	0	15.9924280000000	17.5431460000000	13.9567580000000	1
508	3	0	15.9924280000000	17.5431460000000	19.0319430000000	1
509	3	0	15.9924280000000	17.5431460000000	24.1071280000000	1
510	3	0	15.9924280000000	17.5431460000000	29.1823130000000	1
511	3	0	15.9924280000000	17.5431460000000	34.2574980000000	1
512	3	0	15.9924280000000	17.5431460000000	39.3326820000000	1
513	3	0	15.9924280000000	17.5431460000000	44.4078670000000	1
514	1	0	14.3931850000000	20.3131160000000	3.80638900000000	1
515	2	0	14.3931850000000	20.3131160000000	8.88157300000000	1
516	3	0	14.3931850000000	20.3131160000000	13.9567580000000	1
517	3	0	14.3931850000000	20.3131160000000	19.0319430000000	1
518	3	0	14.3931850000000	20.3131160000000	24.1071280000000	1
519	3	0	14.3931850000000	20.3131160000000	29.1823130000000	1
520	3	0	14.3931850000000	20.3131160000000	34.2574980000000	1
521	3	0	14.3931850000000	20.3131160000000	39.3326820000000	1
522	3	0	14.3931850000000	20.3131160000000	44.4078670000000	1
523	1	0	12.7939420000000	23.0830860000000	3.80638900000000	1
524	2	0	12.7939420000000	23.0830860000000	8.88157300000000	1
525	3	0	12.7939420000000	23.0830860000000	13.9567580000000	1
526	3	0	12.7939420000000	23.0830860000000	19.0319430000000	1
527	3	0	12.7939420000000	23.0830860000000	24.1071280000000	1
528	3	0	12.7939420000000	23.0830860000000	29.1823130000000	1
529	3	0	12.7939420000000	23.0830860000000	34.2574980000000	1
530	3	0	12.7939420000000	23.0830860000000	39.3326820000000	1
531	3	0	12.7939420000000	23.0830860000000	44.4078670000000	1
532	1	0	11.1946990000000	25.8530560000000	3.80638900000000	1
533	2	0	11.1946990000000	25.8530560000000	8.88157300000000	1
534	3	0	11.1946990000000	25.8530560000000	13.9567580000000	1
535	3	0	11.1946990000000	25.8530560000000	19.0319430000000	1
536	3	0	11.1946990000000	25.8530560000000	24.1071280000000	1
537	3	0	11.1946990000000	25.8530560000000	29.1823130000000	1
538	3	0	11.1946990000000	25.8530560000000	34.2574980000000	1
539	3	0	11.1946990000000	25.8530560000000	39.3326820000000	1
540	3	0	11.1946990000000	25.8530560000000	44.4078670000000	1
541	1	0	28.7863710000000	0.923326000000000	3.80638900000000	1
542	2	0	28.7863710000000	0.923326000000000	8.88157300000000	1
543	3	0	28.7863710000000	0.923326000000000	13.9567580000000	1
544	3	0	28.7863710000000	0.923326000000000	19.0319430000000	1
545	3	0	28.7863710000000	0.923326000000000	24.1071280000000	1
546	3	0	28.7863710000000	0.923326000000000	29.1823130000000	1
547	3	0	28.7863710000000	0.923326000000000	34.2574980000000	1
548	3	0	28.7863710000000	0.923326000000000	39.3326820000000	1
549	3	0	28.7863710000000	0.923326000000000	44.4078670000000	1
550	1	0	27.1871280000000	3.69329600000000	3.80638900000000	1
551	2	0	27.1871280000000	3.69329600000000	8.88157300000000	1
552	3	0	27.1871280000000	3.69329600000000	13.9567580000000	1
553	3	0	27.1871280000000	3.69329600000000	19.0319430000000	1
554	3	0	27.1871280000000	3.69329600000000	24.1071280000000	1
555	3	0	27.1871280000000	3.69329600000000	29.1823130000000	1
556	3	0	27.1871280000000	3.69329600000000	34.2574980000000	1
557	3	0	27.1871280000000	3.69329600000000	39.3326820000000	1
558	3	0	27.1871280000000	3.69329600000000	44.4078670000000	1
559	1	0	25.5878850000000	6.46326600000000	3.80638900000000	1
560	2	0	25.5878850000000	6.46326600000000	8.88157300000000	1
561	3	0	25.5878850000000	6.46326600000000	13.9567580000000	1
562	3	0	25.5878850000000	6.46326600000000	19.0319430000000	1
563	3	0	25.5878850000000	6.46326600000000	24.1071280000000	1
564	3	0	25.5878850000000	6.46326600000000	29.1823130000000	1
565	3	0	25.5878850000000	6.46326600000000	34.2574980000000	1
566	3	0	25.5878850000000	6.46326600000000	39.3326820000000	1
567	3	0	25.5878850000000	6.46326600000000	44.4078670000000	1
568	1	0	23.9886420000000	9.23323600000000	3.80638900000000	1
569	2	0	23.9886420000000	9.23323600000000	8.88157300000000	1
570	3	0	23.9886420000000	9.23323600000000	13.9567580000000	1
571	3	0	23.9886420000000	9.23323600000000	19.0319430000000	1
572	3	0	23.9886420000000	9.23323600000000	24.1071280000000	1
573	3	0	23.9886420000000	9.23323600000000	29.1823130000000	1
574	3	0	23.9886420000000	9.23323600000000	34.2574980000000	1
575	3	0	23.9886420000000	9.23323600000000	39.3326820000000	1
576	3	0	23.9886420000000	9.23323600000000	44.4078670000000	1
577	1	0	22.3893990000000	12.0032060000000	3.80638900000000	1
578	2	0	22.3893990000000	12.0032060000000	8.88157300000000	1
579	3	0	22.3893990000000	12.0032060000000	13.9567580000000	1
580	3	0	22.3893990000000	12.0032060000000	19.0319430000000	1
581	3	0	22.3893990000000	12.0032060000000	24.1071280000000	1
582	3	0	22.3893990000000	12.0032060000000	29.1823130000000	1
583	3	0	22.3893990000000	12.0032060000000	34.2574980000000	1
584	3	0	22.3893990000000	12.0032060000000	39.3326820000000	1
585	3	0	22.3893990000000	12.0032060000000	44.4078670000000	1
586	1	0	20.7901560000000	14.7731760000000	3.80638900000000	1
587	2	0	20.7901560000000	14.7731760000000	8.88157300000000	1
588	3	0	20.7901560000000	14.7731760000000	13.9567580000000	1
589	3	0	20.7901560000000	14.7731760000000	19.0319430000000	1
590	3	0	20.7901560000000	14.7731760000000	24.1071280000000	1
591	3	0	20.7901560000000	14.7731760000000	29.1823130000000	1
592	3	0	20.7901560000000	14.7731760000000	34.2574980000000	1
593	3	0	20.7901560000000	14.7731760000000	39.3326820000000	1
594	3	0	20.7901560000000	14.7731760000000	44.4078670000000	1
595	1	0	19.1909130000000	17.5431460000000	3.80638900000000	1
596	2	0	19.1909130000000	17.5431460000000	8.88157300000000	1
597	3	0	19.1909130000000	17.5431460000000	13.9567580000000	1
598	3	0	19.1909130000000	17.5431460000000	19.0319430000000	1
599	3	0	19.1909130000000	17.5431460000000	24.1071280000000	1
600	3	0	19.1909130000000	17.5431460000000	29.1823130000000	1
601	3	0	19.1909130000000	17.5431460000000	34.2574980000000	1
602	3	0	19.1909130000000	17.5431460000000	39.3326820000000	1
603	3	0	19.1909130000000	17.5431460000000	44.4078670000000	1
604	1	0	17.5916710000000	20.3131160000000	3.80638900000000	1
605	2	0	17.5916710000000	20.3131160000000	8.88157300000000	1
606	3	0	17.5916710000000	20.3131160000000	13.9567580000000	1
607	3	0	17.5916710000000	20.3131160000000	19.0319430000000	1
608	3	0	17.5916710000000	20.3131160000000	24.1071280000000	1
609	3	0	17.5916710000000	20.3131160000000	29.1823130000000	1
610	3	0	17.5916710000000	20.3131160000000	34.2574980000000	1
611	3	0	17.5916710000000	20.3131160000000	39.3326820000000	1
612	3	0	17.5916710000000	20.3131160000000	44.4078670000000	1
613	1	0	15.9924280000000	23.0830860000000	3.80638900000000	1
614	2	0	15.9924280000000	23.0830860000000	8.88157300000000	1
615	3	0	15.9924280000000	23.0830860000000	13.9567580000000	1
616	3	0	15.9924280000000	23.0830860000000	19.0319430000000	1
617	3	0	15.9924280000000	23.0830860000000	24.1071280000000	1
618	3	0	15.9924280000000	23.0830860000000	29.1823130000000	1
619	3	0	15.9924280000000	23.0830860000000	34.2574980000000	1
620	3	0	15.9924280000000	23.0830860000000	39.3326820000000	1
621	3	0	15.9924280000000	23.0830860000000	44.4078670000000	1
622	1	0	14.3931850000000	25.8530560000000	3.80638900000000	1
623	2	0	14.3931850000000	25.8530560000000	8.88157300000000	1
624	3	0	14.3931850000000	25.8530560000000	13.9567580000000	1
625	3	0	14.3931850000000	25.8530560000000	19.0319430000000	1
626	3	0	14.3931850000000	25.8530560000000	24.1071280000000	1
627	3	0	14.3931850000000	25.8530560000000	29.1823130000000	1
628	3	0	14.3931850000000	25.8530560000000	34.2574980000000	1
629	3	0	14.3931850000000	25.8530560000000	39.3326820000000	1
630	3	0	14.3931850000000	25.8530560000000	44.4078670000000	1
631	1	0	28.7863710000000	6.46326600000000	3.80638900000000	1
632	2	0	28.7863710000000	6.46326600000000	8.88157300000000	1
633	3	0	28.7863710000000	6.46326600000000	13.9567580000000	1
634	3	0	28.7863710000000	6.46326600000000	19.0319430000000	1
635	3	0	28.7863710000000	6.46326600000000	24.1071280000000	1
636	3	0	28.7863710000000	6.46326600000000	29.1823130000000	1
637	3	0	28.7863710000000	6.46326600000000	34.2574980000000	1
638	3	0	28.7863710000000	6.46326600000000	39.3326820000000	1
639	3	0	28.7863710000000	6.46326600000000	44.4078670000000	1
640	1	0	27.1871280000000	9.23323600000000	3.80638900000000	1
641	2	0	27.1871280000000	9.23323600000000	8.88157300000000	1
642	3	0	27.1871280000000	9.23323600000000	13.9567580000000	1
643	3	0	27.1871280000000	9.23323600000000	19.0319430000000	1
644	3	0	27.1871280000000	9.23323600000000	24.1071280000000	1
645	3	0	27.1871280000000	9.23323600000000	29.1823130000000	1
646	3	0	27.1871280000000	9.23323600000000	34.2574980000000	1
647	3	0	27.1871280000000	9.23323600000000	39.3326820000000	1
648	3	0	27.1871280000000	9.23323600000000	44.4078670000000	1
649	1	0	25.5878850000000	12.0032060000000	3.80638900000000	1
650	2	0	25.5878850000000	12.0032060000000	8.88157300000000	1
651	3	0	25.5878850000000	12.0032060000000	13.9567580000000	1
652	3	0	25.5878850000000	12.0032060000000	19.0319430000000	1
653	3	0	25.5878850000000	12.0032060000000	24.1071280000000	1
654	3	0	25.5878850000000	12.0032060000000	29.1823130000000	1
655	3	0	25.5878850000000	12.0032060000000	34.2574980000000	1
656	3	0	25.5878850000000	12.0032060000000	39.3326820000000	1
657	3	0	25.5878850000000	12.0032060000000	44.4078670000000	1
658	1	0	23.9886420000000	14.7731760000000	3.80638900000000	1
659	2	0	23.9886420000000	14.7731760000000	8.88157300000000	1
660	3	0	23.9886420000000	14.7731760000000	13.9567580000000	1
661	3	0	23.9886420000000	14.7731760000000	19.0319430000000	1
662	3	0	23.9886420000000	14.7731760000000	24.1071280000000	1
663	3	0	23.9886420000000	14.7731760000000	29.1823130000000	1
664	3	0	23.9886420000000	14.7731760000000	34.2574980000000	1
665	3	0	23.9886420000000	14.7731760000000	39.3326820000000	1
666	3	0	23.9886420000000	14.7731760000000	44.4078670000000	1
667	1	0	22.3893990000000	17.5431460000000	3.80638900000000	1
668	2	0	22.3893990000000	17.5431460000000	8.88157300000000	1
669	3	0	22.3893990000000	17.5431460000000	13.9567580000000	1
670	3	0	22.3893990000000	17.5431460000000	19.0319430000000	1
671	3	0	22.3893990000000	17.5431460000000	24.1071280000000	1
672	3	0	22.3893990000000	17.5431460000000	29.1823130000000	1
673	3	0	22.3893990000000	17.5431460000000	34.2574980000000	1
674	3	0	22.3893990000000	17.5431460000000	39.3326820000000	1
675	3	0	22.3893990000000	17.5431460000000	44.4078670000000	1
676	1	0	20.7901560000000	20.3131160000000	3.80638900000000	1
677	2	0	20.7901560000000	20.3131160000000	8.88157300000000	1
678	3	0	20.7901560000000	20.3131160000000	13.9567580000000	1
679	3	0	20.7901560000000	20.3131160000000	19.0319430000000	1
680	3	0	20.7901560000000	20.3131160000000	24.1071280000000	1
681	3	0	20.7901560000000	20.3131160000000	29.1823130000000	1
682	3	0	20.7901560000000	20.3131160000000	34.2574980000000	1
683	3	0	20.7901560000000	20.3131160000000	39.3326820000000	1
684	3	0	20.7901560000000	20.3131160000000	44.4078670000000	1
685	1	0	19.1909130000000	23.0830860000000	3.80638900000000	1
686	2	0	19.1909130000000	23.0830860000000	8.88157300000000	1
687	3	0	19.1909130000000	23.0830860000000	13.9567580000000	1
688	3	0	19.1909130000000	23.0830860000000	19.0319430000000	1
689	3	0	19.1909130000000	23.0830860000000	24.1071280000000	1
690	3	0	19.1909130000000	23.0830860000000	29.1823130000000	1
691	3	0	19.1909130000000	23.0830860000000	34.2574980000000	1
692	3	0	19.1909130000000	23.0830860000000	39.3326820000000	1
693	3	0	19.1909130000000	23.0830860000000	44.4078670000000	1
694	1	0	17.5916710000000	25.8530560000000	3.80638900000000	1
695	2	0	17.5916710000000	25.8530560000000	8.88157300000000	1
696	3	0	17.5916710000000	25.8530560000000	13.9567580000000	1
697	3	0	17.5916710000000	25.8530560000000	19.0319430000000	1
698	3	0	17.5916710000000	25.8530560000000	24.1071280000000	1
699	3	0	17.5916710000000	25.8530560000000	29.1823130000000	1
700	3	0	17.5916710000000	25.8530560000000	34.2574980000000	1
701	3	0	17.5916710000000	25.8530560000000	39.3326820000000	1
702	3	0	17.5916710000000	25.8530560000000	44.4078670000000	1
703	1	0	28.7863710000000	12.0032060000000	3.80638900000000	1
704	2	0	28.7863710000000	12.0032060000000	8.88157300000000	1
705	3	0	28.7863710000000	12.0032060000000	13.9567580000000	1
706	3	0	28.7863710000000	12.0032060000000	19.0319430000000	1
707	3	0	28.7863710000000	12.0032060000000	24.1071280000000	1
708	3	0	28.7863710000000	12.0032060000000	29.1823130000000	1
709	3	0	28.7863710000000	12.0032060000000	34.2574980000000	1
710	3	0	28.7863710000000	12.0032060000000	39.3326820000000	1
711	3	0	28.7863710000000	12.0032060000000	44.4078670000000	1
712	1	0	27.1871280000000	14.7731760000000	3.80638900000000	1
713	2	0	27.1871280000000	14.7731760000000	8.88157300000000	1
714	3	0	27.1871280000000	14.7731760000000	13.9567580000000	1
715	3	0	27.1871280000000	14.7731760000000	19.0319430000000	1
716	3	0	27.1871280000000	14.7731760000000	24.1071280000000	1
717	3	0	27.1871280000000	14.7731760000000	29.1823130000000	1
718	3	0	27.1871280000000	14.7731760000000	34.2574980000000	1
719	3	0	27.1871280000000	14.7731760000000	39.3326820000000	1
720	3	0	27.1871280000000	14.7731760000000	44.4078670000000	1
721	1	0	25.5878850000000	17.5431460000000	3.80638900000000	1
722	2	0	25.5878850000000	17.5431460000000	8.88157300000000	1
723	3	0	25.5878850000000	17.5431460000000	13.9567580000000	1
724	3	0	25.5878850000000	17.5431460000000	19.0319430000000	1
725	3	0	25.5878850000000	17.5431460000000	24.1071280000000	1
726	3	0	25.5878850000000	17.5431460000000	29.1823130000000	1
727	3	0	25.5878850000000	17.5431460000000	34.2574980000000	1
728	3	0	25.5878850000000	17.5431460000000	39.3326820000000	1
729	3	0	25.5878850000000	17.5431460000000	44.4078670000000	1
730	1	0	23.9886420000000	20.3131160000000	3.80638900000000	1
731	2	0	23.9886420000000	20.3131160000000	8.88157300000000	1
732	3	0	23.9886420000000	20.3131160000000	13.9567580000000	1
733	3	0	23.9886420000000	20.3131160000000	19.0319430000000	1
734	3	0	23.9886420000000	20.3131160000000	24.1071280000000	1
735	3	0	23.9886420000000	20.3131160000000	29.1823130000000	1
736	3	0	23.9886420000000	20.3131160000000	34.2574980000000	1
737	3	0	23.9886420000000	20.3131160000000	39.3326820000000	1
738	3	0	23.9886420000000	20.3131160000000	44.4078670000000	1
739	1	0	22.3893990000000	23.0830860000000	3.80638900000000	1
740	2	0	22.3893990000000	23.0830860000000	8.88157300000000	1
741	3	0	22.3893990000000	23.0830860000000	13.9567580000000	1
742	3	0	22.3893990000000	23.0830860000000	19.0319430000000	1
743	3	0	22.3893990000000	23.0830860000000	24.1071280000000	1
744	3	0	22.3893990000000	23.0830860000000	29.1823130000000	1
745	3	0	22.3893990000000	23.0830860000000	34.2574980000000	1
746	3	0	22.3893990000000	23.0830860000000	39.3326820000000	1
747	3	0	22.3893990000000	23.0830860000000	44.4078670000000	1
748	1	0	20.7901560000000	25.8530560000000	3.80638900000000	1
749	2	0	20.7901560000000	25.8530560000000	8.88157300000000	1
750	3	0	20.7901560000000	25.8530560000000	13.9567580000000	1
751	3	0	20.7901560000000	25.8530560000000	19.0319430000000	1
752	3	0	20.7901560000000	25.8530560000000	24.1071280000000	1
753	3	0	20.7901560000000	25.8530560000000	29.1823130000000	1
754	3	0	20.7901560000000	25.8530560000000	34.2574980000000	1
755	3	0	20.7901560000000	25.8530560000000	39.3326820000000	1
756	3	0	20.7901560000000	25.8530560000000	44.4078670000000	1
757	1	0	28.7863710000000	17.5431460000000	3.80638900000000	1
758	2	0	28.7863710000000	17.5431460000000	8.88157300000000	1
759	3	0	28.7863710000000	17.5431460000000	13.9567580000000	1
760	3	0	28.7863710000000	17.5431460000000	19.0319430000000	1
761	3	0	28.7863710000000	17.5431460000000	24.1071280000000	1
762	3	0	28.7863710000000	17.5431460000000	29.1823130000000	1
763	3	0	28.7863710000000	17.5431460000000	34.2574980000000	1
764	3	0	28.7863710000000	17.5431460000000	39.3326820000000	1
765	3	0	28.7863710000000	17.5431460000000	44.4078670000000	1
766	1	0	27.1871280000000	20.3131160000000	3.80638900000000	1
767	2	0	27.1871280000000	20.3131160000000	8.88157300000000	1
768	3	0	27.1871280000000	20.3131160000000	13.9567580000000	1
769	3	0	27.1871280000000	20.3131160000000	19.0319430000000	1
770	3	0	27.1871280000000	20.3131160000000	24.1071280000000	1
771	3	0	27.1871280000000	20.3131160000000	29.1823130000000	1
772	3	0	27.1871280000000	20.3131160000000	34.2574980000000	1
773	3	0	27.1871280000000	20.3131160000000	39.3326820000000	1
774	3	0	27.1871280000000	20.3131160000000	44.4078670000000	1
775	1	0	25.5878850000000	23.0830860000000	3.80638900000000	1
776	2	0	25.5878850000000	23.0830860000000	8.88157300000000	1
777	3	0	25.5878850000000	23.0830860000000	13.9567580000000	1
778	3	0	25.5878850000000	23.0830860000000	19.0319430000000	1
779	3	0	25.5878850000000	23.0830860000000	24.1071280000000	1
780	3	0	25.5878850000000	23.0830860000000	29.1823130000000	1
781	3	0	25.5878850000000	23.0830860000000	34.2574980000000	1
782	3	0	25.5878850000000	23.0830860000000	39.3326820000000	1
783	3	0	25.5878850000000	23.0830860000000	44.4078670000000	1
784	1	0	23.9886420000000	25.8530560000000	3.80638900000000	1
785	2	0	23.9886420000000	25.8530560000000	8.88157300000000	1
786	3	0	23.9886420000000	25.8530560000000	13.9567580000000	1
787	3	0	23.9886420000000	25.8530560000000	19.0319430000000	1
788	3	0	23.9886420000000	25.8530560000000	24.1071280000000	1
789	3	0	23.9886420000000	25.8530560000000	29.1823130000000	1
790	3	0	23.9886420000000	25.8530560000000	34.2574980000000	1
791	3	0	23.9886420000000	25.8530560000000	39.3326820000000	1
792	3	0	23.9886420000000	25.8530560000000	44.4078670000000	1
793	1	0	28.7863710000000	23.0830860000000	3.80638900000000	1
794	2	0	28.7863710000000	23.0830860000000	8.88157300000000	1
795	3	0	28.7863710000000	23.0830860000000	13.9567580000000	1
796	3	0	28.7863710000000	23.0830860000000	19.0319430000000	1
797	3	0	28.7863710000000	23.0830860000000	24.1071280000000	1
798	3	0	28.7863710000000	23.0830860000000	29.1823130000000	1
799	3	0	28.7863710000000	23.0830860000000	34.2574980000000	1
800	3	0	28.7863710000000	23.0830860000000	39.3326820000000	1
801	3	0	28.7863710000000	23.0830860000000	44.4078670000000	1
802	1	0	27.1871280000000	25.8530560000000	3.80638900000000	1
803	2	0	27.1871280000000	25.8530560000000	8.88157300000000	1
804	3	0	27.1871280000000	25.8530560000000	13.9567580000000	1
805	3	0	27.1871280000000	25.8530560000000	19.0319430000000	1
806	3	0	27.1871280000000	25.8530560000000	24.1071280000000	1
807	3	0	27.1871280000000	25.8530560000000	29.1823130000000	1
808	3	0	27.1871280000000	25.8530560000000	34.2574980000000	1
809	3	0	27.1871280000000	25.8530560000000	39.3326820000000	1
810	3	0	27.1871280000000	25.8530560000000	44.4078670000000	1
811	1	0	3.19848700000000	2.76997000000000	1.26879600000000	1
812	2	0	3.19848700000000	2.76997000000000	6.34398100000000	1
813	3	0	3.19848700000000	2.76997000000000	11.4191660000000	1
814	3	0	3.19848700000000	2.76997000000000	16.4943510000000	1
815	3	0	3.19848700000000	2.76997000000000	21.5695350000000	1
816	3	0	3.19848700000000	2.76997000000000	26.6447200000000	1
817	3	0	3.19848700000000	2.76997000000000	31.7199050000000	1
818	3	0	3.19848700000000	2.76997000000000	36.7950900000000	1
819	3	0	3.19848700000000	2.76997000000000	41.8702750000000	1
820	1	0	1.59924400000000	5.53994000000000	1.26879600000000	1
821	2	0	1.59924400000000	5.53994000000000	6.34398100000000	1
822	3	0	1.59924400000000	5.53994000000000	11.4191660000000	1
823	3	0	1.59924400000000	5.53994000000000	16.4943510000000	1
824	3	0	1.59924400000000	5.53994000000000	21.5695350000000	1
825	3	0	1.59924400000000	5.53994000000000	26.6447200000000	1
826	3	0	1.59924400000000	5.53994000000000	31.7199050000000	1
827	3	0	1.59924400000000	5.53994000000000	36.7950900000000	1
828	3	0	1.59924400000000	5.53994000000000	41.8702750000000	1
829	1	0	6.39697300000000	2.76997000000000	1.26879600000000	1
830	2	0	6.39697300000000	2.76997000000000	6.34398100000000	1
831	3	0	6.39697300000000	2.76997000000000	11.4191660000000	1
832	3	0	6.39697300000000	2.76997000000000	16.4943510000000	1
833	3	0	6.39697300000000	2.76997000000000	21.5695350000000	1
834	3	0	6.39697300000000	2.76997000000000	26.6447200000000	1
835	3	0	6.39697300000000	2.76997000000000	31.7199050000000	1
836	3	0	6.39697300000000	2.76997000000000	36.7950900000000	1
837	3	0	6.39697300000000	2.76997000000000	41.8702750000000	1
838	1	0	4.79773000000000	5.53994000000000	1.26879600000000	1
839	2	0	4.79773000000000	5.53994000000000	6.34398100000000	1
840	3	0	4.79773000000000	5.53994000000000	11.4191660000000	1
841	3	0	4.79773000000000	5.53994000000000	16.4943510000000	1
842	3	0	4.79773000000000	5.53994000000000	21.5695350000000	1
843	3	0	4.79773000000000	5.53994000000000	26.6447200000000	1
844	3	0	4.79773000000000	5.53994000000000	31.7199050000000	1
845	3	0	4.79773000000000	5.53994000000000	36.7950900000000	1
846	3	0	4.79773000000000	5.53994000000000	41.8702750000000	1
847	1	0	3.19848700000000	8.30991000000000	1.26879600000000	1
848	2	0	3.19848700000000	8.30991000000000	6.34398100000000	1
849	3	0	3.19848700000000	8.30991000000000	11.4191660000000	1
850	3	0	3.19848700000000	8.30991000000000	16.4943510000000	1
851	3	0	3.19848700000000	8.30991000000000	21.5695350000000	1
852	3	0	3.19848700000000	8.30991000000000	26.6447200000000	1
853	3	0	3.19848700000000	8.30991000000000	31.7199050000000	1
854	3	0	3.19848700000000	8.30991000000000	36.7950900000000	1
855	3	0	3.19848700000000	8.30991000000000	41.8702750000000	1
856	1	0	1.59924400000000	11.0798800000000	1.26879600000000	1
857	2	0	1.59924400000000	11.0798800000000	6.34398100000000	1
858	3	0	1.59924400000000	11.0798800000000	11.4191660000000	1
859	3	0	1.59924400000000	11.0798800000000	16.4943510000000	1
860	3	0	1.59924400000000	11.0798800000000	21.5695350000000	1
861	3	0	1.59924400000000	11.0798800000000	26.6447200000000	1
862	3	0	1.59924400000000	11.0798800000000	31.7199050000000	1
863	3	0	1.59924400000000	11.0798800000000	36.7950900000000	1
864	3	0	1.59924400000000	11.0798800000000	41.8702750000000	1
865	1	0	9.59545900000000	2.76997000000000	1.26879600000000	1
866	2	0	9.59545900000000	2.76997000000000	6.34398100000000	1
867	3	0	9.59545900000000	2.76997000000000	11.4191660000000	1
868	3	0	9.59545900000000	2.76997000000000	16.4943510000000	1
869	3	0	9.59545900000000	2.76997000000000	21.5695350000000	1
870	3	0	9.59545900000000	2.76997000000000	26.6447200000000	1
871	3	0	9.59545900000000	2.76997000000000	31.7199050000000	1
872	3	0	9.59545900000000	2.76997000000000	36.7950900000000	1
873	3	0	9.59545900000000	2.76997000000000	41.8702750000000	1
874	1	0	7.99621600000000	5.53994000000000	1.26879600000000	1
875	2	0	7.99621600000000	5.53994000000000	6.34398100000000	1
876	3	0	7.99621600000000	5.53994000000000	11.4191660000000	1
877	3	0	7.99621600000000	5.53994000000000	16.4943510000000	1
878	3	0	7.99621600000000	5.53994000000000	21.5695350000000	1
879	3	0	7.99621600000000	5.53994000000000	26.6447200000000	1
880	3	0	7.99621600000000	5.53994000000000	31.7199050000000	1
881	3	0	7.99621600000000	5.53994000000000	36.7950900000000	1
882	3	0	7.99621600000000	5.53994000000000	41.8702750000000	1
883	1	0	6.39697300000000	8.30991000000000	1.26879600000000	1
884	2	0	6.39697300000000	8.30991000000000	6.34398100000000	1
885	3	0	6.39697300000000	8.30991000000000	11.4191660000000	1
886	3	0	6.39697300000000	8.30991000000000	16.4943510000000	1
887	3	0	6.39697300000000	8.30991000000000	21.5695350000000	1
888	3	0	6.39697300000000	8.30991000000000	26.6447200000000	1
889	3	0	6.39697300000000	8.30991000000000	31.7199050000000	1
890	3	0	6.39697300000000	8.30991000000000	36.7950900000000	1
891	3	0	6.39697300000000	8.30991000000000	41.8702750000000	1
892	1	0	4.79773000000000	11.0798800000000	1.26879600000000	1
893	2	0	4.79773000000000	11.0798800000000	6.34398100000000	1
894	3	0	4.79773000000000	11.0798800000000	11.4191660000000	1
895	3	0	4.79773000000000	11.0798800000000	16.4943510000000	1
896	3	0	4.79773000000000	11.0798800000000	21.5695350000000	1
897	3	0	4.79773000000000	11.0798800000000	26.6447200000000	1
898	3	0	4.79773000000000	11.0798800000000	31.7199050000000	1
899	3	0	4.79773000000000	11.0798800000000	36.7950900000000	1
900	3	0	4.79773000000000	11.0798800000000	41.8702750000000	1
901	1	0	3.19848700000000	13.8498500000000	1.26879600000000	1
902	2	0	3.19848700000000	13.8498500000000	6.34398100000000	1
903	3	0	3.19848700000000	13.8498500000000	11.4191660000000	1
904	3	0	3.19848700000000	13.8498500000000	16.4943510000000	1
905	3	0	3.19848700000000	13.8498500000000	21.5695350000000	1
906	3	0	3.19848700000000	13.8498500000000	26.6447200000000	1
907	3	0	3.19848700000000	13.8498500000000	31.7199050000000	1
908	3	0	3.19848700000000	13.8498500000000	36.7950900000000	1
909	3	0	3.19848700000000	13.8498500000000	41.8702750000000	1
910	1	0	1.59924400000000	16.6198200000000	1.26879600000000	1
911	2	0	1.59924400000000	16.6198200000000	6.34398100000000	1
912	3	0	1.59924400000000	16.6198200000000	11.4191660000000	1
913	3	0	1.59924400000000	16.6198200000000	16.4943510000000	1
914	3	0	1.59924400000000	16.6198200000000	21.5695350000000	1
915	3	0	1.59924400000000	16.6198200000000	26.6447200000000	1
916	3	0	1.59924400000000	16.6198200000000	31.7199050000000	1
917	3	0	1.59924400000000	16.6198200000000	36.7950900000000	1
918	3	0	1.59924400000000	16.6198200000000	41.8702750000000	1
919	1	0	12.7939450000000	2.76997000000000	1.26879600000000	1
920	2	0	12.7939450000000	2.76997000000000	6.34398100000000	1
921	3	0	12.7939450000000	2.76997000000000	11.4191660000000	1
922	3	0	12.7939450000000	2.76997000000000	16.4943510000000	1
923	3	0	12.7939450000000	2.76997000000000	21.5695350000000	1
924	3	0	12.7939450000000	2.76997000000000	26.6447200000000	1
925	3	0	12.7939450000000	2.76997000000000	31.7199050000000	1
926	3	0	12.7939450000000	2.76997000000000	36.7950900000000	1
927	3	0	12.7939450000000	2.76997000000000	41.8702750000000	1
928	1	0	11.1947020000000	5.53994000000000	1.26879600000000	1
929	2	0	11.1947020000000	5.53994000000000	6.34398100000000	1
930	3	0	11.1947020000000	5.53994000000000	11.4191660000000	1
931	3	0	11.1947020000000	5.53994000000000	16.4943510000000	1
932	3	0	11.1947020000000	5.53994000000000	21.5695350000000	1
933	3	0	11.1947020000000	5.53994000000000	26.6447200000000	1
934	3	0	11.1947020000000	5.53994000000000	31.7199050000000	1
935	3	0	11.1947020000000	5.53994000000000	36.7950900000000	1
936	3	0	11.1947020000000	5.53994000000000	41.8702750000000	1
937	1	0	9.59545900000000	8.30991000000000	1.26879600000000	1
938	2	0	9.59545900000000	8.30991000000000	6.34398100000000	1
939	3	0	9.59545900000000	8.30991000000000	11.4191660000000	1
940	3	0	9.59545900000000	8.30991000000000	16.4943510000000	1
941	3	0	9.59545900000000	8.30991000000000	21.5695350000000	1
942	3	0	9.59545900000000	8.30991000000000	26.6447200000000	1
943	3	0	9.59545900000000	8.30991000000000	31.7199050000000	1
944	3	0	9.59545900000000	8.30991000000000	36.7950900000000	1
945	3	0	9.59545900000000	8.30991000000000	41.8702750000000	1
946	1	0	7.99621600000000	11.0798800000000	1.26879600000000	1
947	2	0	7.99621600000000	11.0798800000000	6.34398100000000	1
948	3	0	7.99621600000000	11.0798800000000	11.4191660000000	1
949	3	0	7.99621600000000	11.0798800000000	16.4943510000000	1
950	3	0	7.99621600000000	11.0798800000000	21.5695350000000	1
951	3	0	7.99621600000000	11.0798800000000	26.6447200000000	1
952	3	0	7.99621600000000	11.0798800000000	31.7199050000000	1
953	3	0	7.99621600000000	11.0798800000000	36.7950900000000	1
954	3	0	7.99621600000000	11.0798800000000	41.8702750000000	1
955	1	0	6.39697300000000	13.8498500000000	1.26879600000000	1
956	2	0	6.39697300000000	13.8498500000000	6.34398100000000	1
957	3	0	6.39697300000000	13.8498500000000	11.4191660000000	1
958	3	0	6.39697300000000	13.8498500000000	16.4943510000000	1
959	3	0	6.39697300000000	13.8498500000000	21.5695350000000	1
960	3	0	6.39697300000000	13.8498500000000	26.6447200000000	1
961	3	0	6.39697300000000	13.8498500000000	31.7199050000000	1
962	3	0	6.39697300000000	13.8498500000000	36.7950900000000	1
963	3	0	6.39697300000000	13.8498500000000	41.8702750000000	1
964	1	0	4.79773000000000	16.6198200000000	1.26879600000000	1
965	2	0	4.79773000000000	16.6198200000000	6.34398100000000	1
966	3	0	4.79773000000000	16.6198200000000	11.4191660000000	1
967	3	0	4.79773000000000	16.6198200000000	16.4943510000000	1
968	3	0	4.79773000000000	16.6198200000000	21.5695350000000	1
969	3	0	4.79773000000000	16.6198200000000	26.6447200000000	1
970	3	0	4.79773000000000	16.6198200000000	31.7199050000000	1
971	3	0	4.79773000000000	16.6198200000000	36.7950900000000	1
972	3	0	4.79773000000000	16.6198200000000	41.8702750000000	1
973	1	0	3.19848700000000	19.3897900000000	1.26879600000000	1
974	2	0	3.19848700000000	19.3897900000000	6.34398100000000	1
975	3	0	3.19848700000000	19.3897900000000	11.4191660000000	1
976	3	0	3.19848700000000	19.3897900000000	16.4943510000000	1
977	3	0	3.19848700000000	19.3897900000000	21.5695350000000	1
978	3	0	3.19848700000000	19.3897900000000	26.6447200000000	1
979	3	0	3.19848700000000	19.3897900000000	31.7199050000000	1
980	3	0	3.19848700000000	19.3897900000000	36.7950900000000	1
981	3	0	3.19848700000000	19.3897900000000	41.8702750000000	1
982	1	0	1.59924400000000	22.1597600000000	1.26879600000000	1
983	2	0	1.59924400000000	22.1597600000000	6.34398100000000	1
984	3	0	1.59924400000000	22.1597600000000	11.4191660000000	1
985	3	0	1.59924400000000	22.1597600000000	16.4943510000000	1
986	3	0	1.59924400000000	22.1597600000000	21.5695350000000	1
987	3	0	1.59924400000000	22.1597600000000	26.6447200000000	1
988	3	0	1.59924400000000	22.1597600000000	31.7199050000000	1
989	3	0	1.59924400000000	22.1597600000000	36.7950900000000	1
990	3	0	1.59924400000000	22.1597600000000	41.8702750000000	1
991	1	0	15.9924310000000	2.76997000000000	1.26879600000000	1
992	2	0	15.9924310000000	2.76997000000000	6.34398100000000	1
993	3	0	15.9924310000000	2.76997000000000	11.4191660000000	1
994	3	0	15.9924310000000	2.76997000000000	16.4943510000000	1
995	3	0	15.9924310000000	2.76997000000000	21.5695350000000	1
996	3	0	15.9924310000000	2.76997000000000	26.6447200000000	1
997	3	0	15.9924310000000	2.76997000000000	31.7199050000000	1
998	3	0	15.9924310000000	2.76997000000000	36.7950900000000	1
999	3	0	15.9924310000000	2.76997000000000	41.8702750000000	1
1000	1	0	14.3931880000000	5.53994000000000	1.26879600000000	1
1001	2	0	14.3931880000000	5.53994000000000	6.34398100000000	1
1002	3	0	14.3931880000000	5.53994000000000	11.4191660000000	1
1003	3	0	14.3931880000000	5.53994000000000	16.4943510000000	1
1004	3	0	14.3931880000000	5.53994000000000	21.5695350000000	1
1005	3	0	14.3931880000000	5.53994000000000	26.6447200000000	1
1006	3	0	14.3931880000000	5.53994000000000	31.7199050000000	1
1007	3	0	14.3931880000000	5.53994000000000	36.7950900000000	1
1008	3	0	14.3931880000000	5.53994000000000	41.8702750000000	1
1009	1	0	12.7939450000000	8.30991000000000	1.26879600000000	1
1010	2	0	12.7939450000000	8.30991000000000	6.34398100000000	1
1011	3	0	12.7939450000000	8.30991000000000	11.4191660000000	1
1012	3	0	12.7939450000000	8.30991000000000	16.4943510000000	1
1013	3	0	12.7939450000000	8.30991000000000	21.5695350000000	1
1014	3	0	12.7939450000000	8.30991000000000	26.6447200000000	1
1015	3	0	12.7939450000000	8.30991000000000	31.7199050000000	1
1016	3	0	12.7939450000000	8.30991000000000	36.7950900000000	1
1017	3	0	12.7939450000000	8.30991000000000	41.8702750000000	1
1018	1	0	11.1947020000000	11.0798800000000	1.26879600000000	1
1019	2	0	11.1947020000000	11.0798800000000	6.34398100000000	1
1020	3	0	11.1947020000000	11.0798800000000	11.4191660000000	1
1021	3	0	11.1947020000000	11.0798800000000	16.4943510000000	1
1022	3	0	11.1947020000000	11.0798800000000	21.5695350000000	1
1023	3	0	11.1947020000000	11.0798800000000	26.6447200000000	1
1024	3	0	11.1947020000000	11.0798800000000	31.7199050000000	1
1025	3	0	11.1947020000000	11.0798800000000	36.7950900000000	1
1026	3	0	11.1947020000000	11.0798800000000	41.8702750000000	1
1027	1	0	9.59545900000000	13.8498500000000	1.26879600000000	1
1028	2	0	9.59545900000000	13.8498500000000	6.34398100000000	1
1029	3	0	9.59545900000000	13.8498500000000	11.4191660000000	1
1030	3	0	9.59545900000000	13.8498500000000	16.4943510000000	1
1031	3	0	9.59545900000000	13.8498500000000	21.5695350000000	1
1032	3	0	9.59545900000000	13.8498500000000	26.6447200000000	1
1033	3	0	9.59545900000000	13.8498500000000	31.7199050000000	1
1034	3	0	9.59545900000000	13.8498500000000	36.7950900000000	1
1035	3	0	9.59545900000000	13.8498500000000	41.8702750000000	1
1036	1	0	7.99621600000000	16.6198200000000	1.26879600000000	1
1037	2	0	7.99621600000000	16.6198200000000	6.34398100000000	1
1038	3	0	7.99621600000000	16.6198200000000	11.4191660000000	1
1039	3	0	7.99621600000000	16.6198200000000	16.4943510000000	1
1040	3	0	7.99621600000000	16.6198200000000	21.5695350000000	1
1041	3	0	7.99621600000000	16.6198200000000	26.6447200000000	1
1042	3	0	7.99621600000000	16.6198200000000	31.7199050000000	1
1043	3	0	7.99621600000000	16.6198200000000	36.7950900000000	1
1044	3	0	7.99621600000000	16.6198200000000	41.8702750000000	1
1045	1	0	6.39697300000000	19.3897900000000	1.26879600000000	1
1046	2	0	6.39697300000000	19.3897900000000	6.34398100000000	1
1047	3	0	6.39697300000000	19.3897900000000	11.4191660000000	1
1048	3	0	6.39697300000000	19.3897900000000	16.4943510000000	1
1049	3	0	6.39697300000000	19.3897900000000	21.5695350000000	1
1050	3	0	6.39697300000000	19.3897900000000	26.6447200000000	1
1051	3	0	6.39697300000000	19.3897900000000	31.7199050000000	1
1052	3	0	6.39697300000000	19.3897900000000	36.7950900000000	1
1053	3	0	6.39697300000000	19.3897900000000	41.8702750000000	1
1054	1	0	4.79773000000000	22.1597600000000	1.26879600000000	1
1055	2	0	4.79773000000000	22.1597600000000	6.34398100000000	1
1056	3	0	4.79773000000000	22.1597600000000	11.4191660000000	1
1057	3	0	4.79773000000000	22.1597600000000	16.4943510000000	1
1058	3	0	4.79773000000000	22.1597600000000	21.5695350000000	1
1059	3	0	4.79773000000000	22.1597600000000	26.6447200000000	1
1060	3	0	4.79773000000000	22.1597600000000	31.7199050000000	1
1061	3	0	4.79773000000000	22.1597600000000	36.7950900000000	1
1062	3	0	4.79773000000000	22.1597600000000	41.8702750000000	1
1063	1	0	3.19848700000000	24.9297300000000	1.26879600000000	1
1064	2	0	3.19848700000000	24.9297300000000	6.34398100000000	1
1065	3	0	3.19848700000000	24.9297300000000	11.4191660000000	1
1066	3	0	3.19848700000000	24.9297300000000	16.4943510000000	1
1067	3	0	3.19848700000000	24.9297300000000	21.5695350000000	1
1068	3	0	3.19848700000000	24.9297300000000	26.6447200000000	1
1069	3	0	3.19848700000000	24.9297300000000	31.7199050000000	1
1070	3	0	3.19848700000000	24.9297300000000	36.7950900000000	1
1071	3	0	3.19848700000000	24.9297300000000	41.8702750000000	1
1072	1	0	1.59924400000000	27.6997000000000	1.26879600000000	1
1073	2	0	1.59924400000000	27.6997000000000	6.34398100000000	1
1074	3	0	1.59924400000000	27.6997000000000	11.4191660000000	1
1075	3	0	1.59924400000000	27.6997000000000	16.4943510000000	1
1076	3	0	1.59924400000000	27.6997000000000	21.5695350000000	1
1077	3	0	1.59924400000000	27.6997000000000	26.6447200000000	1
1078	3	0	1.59924400000000	27.6997000000000	31.7199050000000	1
1079	3	0	1.59924400000000	27.6997000000000	36.7950900000000	1
1080	3	0	1.59924400000000	27.6997000000000	41.8702750000000	1
1081	1	0	19.1909170000000	2.76997000000000	1.26879600000000	1
1082	2	0	19.1909170000000	2.76997000000000	6.34398100000000	1
1083	3	0	19.1909170000000	2.76997000000000	11.4191660000000	1
1084	3	0	19.1909170000000	2.76997000000000	16.4943510000000	1
1085	3	0	19.1909170000000	2.76997000000000	21.5695350000000	1
1086	3	0	19.1909170000000	2.76997000000000	26.6447200000000	1
1087	3	0	19.1909170000000	2.76997000000000	31.7199050000000	1
1088	3	0	19.1909170000000	2.76997000000000	36.7950900000000	1
1089	3	0	19.1909170000000	2.76997000000000	41.8702750000000	1
1090	1	0	17.5916740000000	5.53994000000000	1.26879600000000	1
1091	2	0	17.5916740000000	5.53994000000000	6.34398100000000	1
1092	3	0	17.5916740000000	5.53994000000000	11.4191660000000	1
1093	3	0	17.5916740000000	5.53994000000000	16.4943510000000	1
1094	3	0	17.5916740000000	5.53994000000000	21.5695350000000	1
1095	3	0	17.5916740000000	5.53994000000000	26.6447200000000	1
1096	3	0	17.5916740000000	5.53994000000000	31.7199050000000	1
1097	3	0	17.5916740000000	5.53994000000000	36.7950900000000	1
1098	3	0	17.5916740000000	5.53994000000000	41.8702750000000	1
1099	1	0	15.9924310000000	8.30991000000000	1.26879600000000	1
1100	2	0	15.9924310000000	8.30991000000000	6.34398100000000	1
1101	3	0	15.9924310000000	8.30991000000000	11.4191660000000	1
1102	3	0	15.9924310000000	8.30991000000000	16.4943510000000	1
1103	3	0	15.9924310000000	8.30991000000000	21.5695350000000	1
1104	3	0	15.9924310000000	8.30991000000000	26.6447200000000	1
1105	3	0	15.9924310000000	8.30991000000000	31.7199050000000	1
1106	3	0	15.9924310000000	8.30991000000000	36.7950900000000	1
1107	3	0	15.9924310000000	8.30991000000000	41.8702750000000	1
1108	1	0	14.3931880000000	11.0798800000000	1.26879600000000	1
1109	2	0	14.3931880000000	11.0798800000000	6.34398100000000	1
1110	3	0	14.3931880000000	11.0798800000000	11.4191660000000	1
1111	3	0	14.3931880000000	11.0798800000000	16.4943510000000	1
1112	3	0	14.3931880000000	11.0798800000000	21.5695350000000	1
1113	3	0	14.3931880000000	11.0798800000000	26.6447200000000	1
1114	3	0	14.3931880000000	11.0798800000000	31.7199050000000	1
1115	3	0	14.3931880000000	11.0798800000000	36.7950900000000	1
1116	3	0	14.3931880000000	11.0798800000000	41.8702750000000	1
1117	1	0	12.7939450000000	13.8498500000000	1.26879600000000	1
1118	2	0	12.7939450000000	13.8498500000000	6.34398100000000	1
1119	3	0	12.7939450000000	13.8498500000000	11.4191660000000	1
1120	3	0	12.7939450000000	13.8498500000000	16.4943510000000	1
1121	3	0	12.7939450000000	13.8498500000000	21.5695350000000	1
1122	3	0	12.7939450000000	13.8498500000000	26.6447200000000	1
1123	3	0	12.7939450000000	13.8498500000000	31.7199050000000	1
1124	3	0	12.7939450000000	13.8498500000000	36.7950900000000	1
1125	3	0	12.7939450000000	13.8498500000000	41.8702750000000	1
1126	1	0	11.1947020000000	16.6198200000000	1.26879600000000	1
1127	2	0	11.1947020000000	16.6198200000000	6.34398100000000	1
1128	3	0	11.1947020000000	16.6198200000000	11.4191660000000	1
1129	3	0	11.1947020000000	16.6198200000000	16.4943510000000	1
1130	3	0	11.1947020000000	16.6198200000000	21.5695350000000	1
1131	3	0	11.1947020000000	16.6198200000000	26.6447200000000	1
1132	3	0	11.1947020000000	16.6198200000000	31.7199050000000	1
1133	3	0	11.1947020000000	16.6198200000000	36.7950900000000	1
1134	3	0	11.1947020000000	16.6198200000000	41.8702750000000	1
1135	1	0	9.59545900000000	19.3897900000000	1.26879600000000	1
1136	2	0	9.59545900000000	19.3897900000000	6.34398100000000	1
1137	3	0	9.59545900000000	19.3897900000000	11.4191660000000	1
1138	3	0	9.59545900000000	19.3897900000000	16.4943510000000	1
1139	3	0	9.59545900000000	19.3897900000000	21.5695350000000	1
1140	3	0	9.59545900000000	19.3897900000000	26.6447200000000	1
1141	3	0	9.59545900000000	19.3897900000000	31.7199050000000	1
1142	3	0	9.59545900000000	19.3897900000000	36.7950900000000	1
1143	3	0	9.59545900000000	19.3897900000000	41.8702750000000	1
1144	1	0	7.99621600000000	22.1597600000000	1.26879600000000	1
1145	2	0	7.99621600000000	22.1597600000000	6.34398100000000	1
1146	3	0	7.99621600000000	22.1597600000000	11.4191660000000	1
1147	3	0	7.99621600000000	22.1597600000000	16.4943510000000	1
1148	3	0	7.99621600000000	22.1597600000000	21.5695350000000	1
1149	3	0	7.99621600000000	22.1597600000000	26.6447200000000	1
1150	3	0	7.99621600000000	22.1597600000000	31.7199050000000	1
1151	3	0	7.99621600000000	22.1597600000000	36.7950900000000	1
1152	3	0	7.99621600000000	22.1597600000000	41.8702750000000	1
1153	1	0	6.39697300000000	24.9297300000000	1.26879600000000	1
1154	2	0	6.39697300000000	24.9297300000000	6.34398100000000	1
1155	3	0	6.39697300000000	24.9297300000000	11.4191660000000	1
1156	3	0	6.39697300000000	24.9297300000000	16.4943510000000	1
1157	3	0	6.39697300000000	24.9297300000000	21.5695350000000	1
1158	3	0	6.39697300000000	24.9297300000000	26.6447200000000	1
1159	3	0	6.39697300000000	24.9297300000000	31.7199050000000	1
1160	3	0	6.39697300000000	24.9297300000000	36.7950900000000	1
1161	3	0	6.39697300000000	24.9297300000000	41.8702750000000	1
1162	1	0	4.79773000000000	27.6997000000000	1.26879600000000	1
1163	2	0	4.79773000000000	27.6997000000000	6.34398100000000	1
1164	3	0	4.79773000000000	27.6997000000000	11.4191660000000	1
1165	3	0	4.79773000000000	27.6997000000000	16.4943510000000	1
1166	3	0	4.79773000000000	27.6997000000000	21.5695350000000	1
1167	3	0	4.79773000000000	27.6997000000000	26.6447200000000	1
1168	3	0	4.79773000000000	27.6997000000000	31.7199050000000	1
1169	3	0	4.79773000000000	27.6997000000000	36.7950900000000	1
1170	3	0	4.79773000000000	27.6997000000000	41.8702750000000	1
1171	1	0	22.3894030000000	2.76997000000000	1.26879600000000	1
1172	2	0	22.3894030000000	2.76997000000000	6.34398100000000	1
1173	3	0	22.3894030000000	2.76997000000000	11.4191660000000	1
1174	3	0	22.3894030000000	2.76997000000000	16.4943510000000	1
1175	3	0	22.3894030000000	2.76997000000000	21.5695350000000	1
1176	3	0	22.3894030000000	2.76997000000000	26.6447200000000	1
1177	3	0	22.3894030000000	2.76997000000000	31.7199050000000	1
1178	3	0	22.3894030000000	2.76997000000000	36.7950900000000	1
1179	3	0	22.3894030000000	2.76997000000000	41.8702750000000	1
1180	1	0	20.7901600000000	5.53994000000000	1.26879600000000	1
1181	2	0	20.7901600000000	5.53994000000000	6.34398100000000	1
1182	3	0	20.7901600000000	5.53994000000000	11.4191660000000	1
1183	3	0	20.7901600000000	5.53994000000000	16.4943510000000	1
1184	3	0	20.7901600000000	5.53994000000000	21.5695350000000	1
1185	3	0	20.7901600000000	5.53994000000000	26.6447200000000	1
1186	3	0	20.7901600000000	5.53994000000000	31.7199050000000	1
1187	3	0	20.7901600000000	5.53994000000000	36.7950900000000	1
1188	3	0	20.7901600000000	5.53994000000000	41.8702750000000	1
1189	1	0	19.1909170000000	8.30991000000000	1.26879600000000	1
1190	2	0	19.1909170000000	8.30991000000000	6.34398100000000	1
1191	3	0	19.1909170000000	8.30991000000000	11.4191660000000	1
1192	3	0	19.1909170000000	8.30991000000000	16.4943510000000	1
1193	3	0	19.1909170000000	8.30991000000000	21.5695350000000	1
1194	3	0	19.1909170000000	8.30991000000000	26.6447200000000	1
1195	3	0	19.1909170000000	8.30991000000000	31.7199050000000	1
1196	3	0	19.1909170000000	8.30991000000000	36.7950900000000	1
1197	3	0	19.1909170000000	8.30991000000000	41.8702750000000	1
1198	1	0	17.5916740000000	11.0798800000000	1.26879600000000	1
1199	2	0	17.5916740000000	11.0798800000000	6.34398100000000	1
1200	3	0	17.5916740000000	11.0798800000000	11.4191660000000	1
1201	3	0	17.5916740000000	11.0798800000000	16.4943510000000	1
1202	3	0	17.5916740000000	11.0798800000000	21.5695350000000	1
1203	3	0	17.5916740000000	11.0798800000000	26.6447200000000	1
1204	3	0	17.5916740000000	11.0798800000000	31.7199050000000	1
1205	3	0	17.5916740000000	11.0798800000000	36.7950900000000	1
1206	3	0	17.5916740000000	11.0798800000000	41.8702750000000	1
1207	1	0	15.9924310000000	13.8498500000000	1.26879600000000	1
1208	2	0	15.9924310000000	13.8498500000000	6.34398100000000	1
1209	3	0	15.9924310000000	13.8498500000000	11.4191660000000	1
1210	3	0	15.9924310000000	13.8498500000000	16.4943510000000	1
1211	3	0	15.9924310000000	13.8498500000000	21.5695350000000	1
1212	3	0	15.9924310000000	13.8498500000000	26.6447200000000	1
1213	3	0	15.9924310000000	13.8498500000000	31.7199050000000	1
1214	3	0	15.9924310000000	13.8498500000000	36.7950900000000	1
1215	3	0	15.9924310000000	13.8498500000000	41.8702750000000	1
1216	1	0	14.3931880000000	16.6198200000000	1.26879600000000	1
1217	2	0	14.3931880000000	16.6198200000000	6.34398100000000	1
1218	3	0	14.3931880000000	16.6198200000000	11.4191660000000	1
1219	3	0	14.3931880000000	16.6198200000000	16.4943510000000	1
1220	3	0	14.3931880000000	16.6198200000000	21.5695350000000	1
1221	3	0	14.3931880000000	16.6198200000000	26.6447200000000	1
1222	3	0	14.3931880000000	16.6198200000000	31.7199050000000	1
1223	3	0	14.3931880000000	16.6198200000000	36.7950900000000	1
1224	3	0	14.3931880000000	16.6198200000000	41.8702750000000	1
1225	1	0	12.7939450000000	19.3897900000000	1.26879600000000	1
1226	2	0	12.7939450000000	19.3897900000000	6.34398100000000	1
1227	3	0	12.7939450000000	19.3897900000000	11.4191660000000	1
1228	3	0	12.7939450000000	19.3897900000000	16.4943510000000	1
1229	3	0	12.7939450000000	19.3897900000000	21.5695350000000	1
1230	3	0	12.7939450000000	19.3897900000000	26.6447200000000	1
1231	3	0	12.7939450000000	19.3897900000000	31.7199050000000	1
1232	3	0	12.7939450000000	19.3897900000000	36.7950900000000	1
1233	3	0	12.7939450000000	19.3897900000000	41.8702750000000	1
1234	1	0	11.1947020000000	22.1597600000000	1.26879600000000	1
1235	2	0	11.1947020000000	22.1597600000000	6.34398100000000	1
1236	3	0	11.1947020000000	22.1597600000000	11.4191660000000	1
1237	3	0	11.1947020000000	22.1597600000000	16.4943510000000	1
1238	3	0	11.1947020000000	22.1597600000000	21.5695350000000	1
1239	3	0	11.1947020000000	22.1597600000000	26.6447200000000	1
1240	3	0	11.1947020000000	22.1597600000000	31.7199050000000	1
1241	3	0	11.1947020000000	22.1597600000000	36.7950900000000	1
1242	3	0	11.1947020000000	22.1597600000000	41.8702750000000	1
1243	1	0	9.59545900000000	24.9297300000000	1.26879600000000	1
1244	2	0	9.59545900000000	24.9297300000000	6.34398100000000	1
1245	3	0	9.59545900000000	24.9297300000000	11.4191660000000	1
1246	3	0	9.59545900000000	24.9297300000000	16.4943510000000	1
1247	3	0	9.59545900000000	24.9297300000000	21.5695350000000	1
1248	3	0	9.59545900000000	24.9297300000000	26.6447200000000	1
1249	3	0	9.59545900000000	24.9297300000000	31.7199050000000	1
1250	3	0	9.59545900000000	24.9297300000000	36.7950900000000	1
1251	3	0	9.59545900000000	24.9297300000000	41.8702750000000	1
1252	1	0	7.99621600000000	27.6997000000000	1.26879600000000	1
1253	2	0	7.99621600000000	27.6997000000000	6.34398100000000	1
1254	3	0	7.99621600000000	27.6997000000000	11.4191660000000	1
1255	3	0	7.99621600000000	27.6997000000000	16.4943510000000	1
1256	3	0	7.99621600000000	27.6997000000000	21.5695350000000	1
1257	3	0	7.99621600000000	27.6997000000000	26.6447200000000	1
1258	3	0	7.99621600000000	27.6997000000000	31.7199050000000	1
1259	3	0	7.99621600000000	27.6997000000000	36.7950900000000	1
1260	3	0	7.99621600000000	27.6997000000000	41.8702750000000	1
1261	1	0	25.5878880000000	2.76997000000000	1.26879600000000	1
1262	2	0	25.5878880000000	2.76997000000000	6.34398100000000	1
1263	3	0	25.5878880000000	2.76997000000000	11.4191660000000	1
1264	3	0	25.5878880000000	2.76997000000000	16.4943510000000	1
1265	3	0	25.5878880000000	2.76997000000000	21.5695350000000	1
1266	3	0	25.5878880000000	2.76997000000000	26.6447200000000	1
1267	3	0	25.5878880000000	2.76997000000000	31.7199050000000	1
1268	3	0	25.5878880000000	2.76997000000000	36.7950900000000	1
1269	3	0	25.5878880000000	2.76997000000000	41.8702750000000	1
1270	1	0	23.9886450000000	5.53994000000000	1.26879600000000	1
1271	2	0	23.9886450000000	5.53994000000000	6.34398100000000	1
1272	3	0	23.9886450000000	5.53994000000000	11.4191660000000	1
1273	3	0	23.9886450000000	5.53994000000000	16.4943510000000	1
1274	3	0	23.9886450000000	5.53994000000000	21.5695350000000	1
1275	3	0	23.9886450000000	5.53994000000000	26.6447200000000	1
1276	3	0	23.9886450000000	5.53994000000000	31.7199050000000	1
1277	3	0	23.9886450000000	5.53994000000000	36.7950900000000	1
1278	3	0	23.9886450000000	5.53994000000000	41.8702750000000	1
1279	1	0	22.3894030000000	8.30991000000000	1.26879600000000	1
1280	2	0	22.3894030000000	8.30991000000000	6.34398100000000	1
1281	3	0	22.3894030000000	8.30991000000000	11.4191660000000	1
1282	3	0	22.3894030000000	8.30991000000000	16.4943510000000	1
1283	3	0	22.3894030000000	8.30991000000000	21.5695350000000	1
1284	3	0	22.3894030000000	8.30991000000000	26.6447200000000	1
1285	3	0	22.3894030000000	8.30991000000000	31.7199050000000	1
1286	3	0	22.3894030000000	8.30991000000000	36.7950900000000	1
1287	3	0	22.3894030000000	8.30991000000000	41.8702750000000	1
1288	1	0	20.7901600000000	11.0798800000000	1.26879600000000	1
1289	2	0	20.7901600000000	11.0798800000000	6.34398100000000	1
1290	3	0	20.7901600000000	11.0798800000000	11.4191660000000	1
1291	3	0	20.7901600000000	11.0798800000000	16.4943510000000	1
1292	3	0	20.7901600000000	11.0798800000000	21.5695350000000	1
1293	3	0	20.7901600000000	11.0798800000000	26.6447200000000	1
1294	3	0	20.7901600000000	11.0798800000000	31.7199050000000	1
1295	3	0	20.7901600000000	11.0798800000000	36.7950900000000	1
1296	3	0	20.7901600000000	11.0798800000000	41.8702750000000	1
1297	1	0	19.1909170000000	13.8498500000000	1.26879600000000	1
1298	2	0	19.1909170000000	13.8498500000000	6.34398100000000	1
1299	3	0	19.1909170000000	13.8498500000000	11.4191660000000	1
1300	3	0	19.1909170000000	13.8498500000000	16.4943510000000	1
1301	3	0	19.1909170000000	13.8498500000000	21.5695350000000	1
1302	3	0	19.1909170000000	13.8498500000000	26.6447200000000	1
1303	3	0	19.1909170000000	13.8498500000000	31.7199050000000	1
1304	3	0	19.1909170000000	13.8498500000000	36.7950900000000	1
1305	3	0	19.1909170000000	13.8498500000000	41.8702750000000	1
1306	1	0	17.5916740000000	16.6198200000000	1.26879600000000	1
1307	2	0	17.5916740000000	16.6198200000000	6.34398100000000	1
1308	3	0	17.5916740000000	16.6198200000000	11.4191660000000	1
1309	3	0	17.5916740000000	16.6198200000000	16.4943510000000	1
1310	3	0	17.5916740000000	16.6198200000000	21.5695350000000	1
1311	3	0	17.5916740000000	16.6198200000000	26.6447200000000	1
1312	3	0	17.5916740000000	16.6198200000000	31.7199050000000	1
1313	3	0	17.5916740000000	16.6198200000000	36.7950900000000	1
1314	3	0	17.5916740000000	16.6198200000000	41.8702750000000	1
1315	1	0	15.9924310000000	19.3897900000000	1.26879600000000	1
1316	2	0	15.9924310000000	19.3897900000000	6.34398100000000	1
1317	3	0	15.9924310000000	19.3897900000000	11.4191660000000	1
1318	3	0	15.9924310000000	19.3897900000000	16.4943510000000	1
1319	3	0	15.9924310000000	19.3897900000000	21.5695350000000	1
1320	3	0	15.9924310000000	19.3897900000000	26.6447200000000	1
1321	3	0	15.9924310000000	19.3897900000000	31.7199050000000	1
1322	3	0	15.9924310000000	19.3897900000000	36.7950900000000	1
1323	3	0	15.9924310000000	19.3897900000000	41.8702750000000	1
1324	1	0	14.3931880000000	22.1597600000000	1.26879600000000	1
1325	2	0	14.3931880000000	22.1597600000000	6.34398100000000	1
1326	3	0	14.3931880000000	22.1597600000000	11.4191660000000	1
1327	3	0	14.3931880000000	22.1597600000000	16.4943510000000	1
1328	3	0	14.3931880000000	22.1597600000000	21.5695350000000	1
1329	3	0	14.3931880000000	22.1597600000000	26.6447200000000	1
1330	3	0	14.3931880000000	22.1597600000000	31.7199050000000	1
1331	3	0	14.3931880000000	22.1597600000000	36.7950900000000	1
1332	3	0	14.3931880000000	22.1597600000000	41.8702750000000	1
1333	1	0	12.7939450000000	24.9297300000000	1.26879600000000	1
1334	2	0	12.7939450000000	24.9297300000000	6.34398100000000	1
1335	3	0	12.7939450000000	24.9297300000000	11.4191660000000	1
1336	3	0	12.7939450000000	24.9297300000000	16.4943510000000	1
1337	3	0	12.7939450000000	24.9297300000000	21.5695350000000	1
1338	3	0	12.7939450000000	24.9297300000000	26.6447200000000	1
1339	3	0	12.7939450000000	24.9297300000000	31.7199050000000	1
1340	3	0	12.7939450000000	24.9297300000000	36.7950900000000	1
1341	3	0	12.7939450000000	24.9297300000000	41.8702750000000	1
1342	1	0	11.1947020000000	27.6997000000000	1.26879600000000	1
1343	2	0	11.1947020000000	27.6997000000000	6.34398100000000	1
1344	3	0	11.1947020000000	27.6997000000000	11.4191660000000	1
1345	3	0	11.1947020000000	27.6997000000000	16.4943510000000	1
1346	3	0	11.1947020000000	27.6997000000000	21.5695350000000	1
1347	3	0	11.1947020000000	27.6997000000000	26.6447200000000	1
1348	3	0	11.1947020000000	27.6997000000000	31.7199050000000	1
1349	3	0	11.1947020000000	27.6997000000000	36.7950900000000	1
1350	3	0	11.1947020000000	27.6997000000000	41.8702750000000	1
1351	1	0	28.7863740000000	2.76997000000000	1.26879600000000	1
1352	2	0	28.7863740000000	2.76997000000000	6.34398100000000	1
1353	3	0	28.7863740000000	2.76997000000000	11.4191660000000	1
1354	3	0	28.7863740000000	2.76997000000000	16.4943510000000	1
1355	3	0	28.7863740000000	2.76997000000000	21.5695350000000	1
1356	3	0	28.7863740000000	2.76997000000000	26.6447200000000	1
1357	3	0	28.7863740000000	2.76997000000000	31.7199050000000	1
1358	3	0	28.7863740000000	2.76997000000000	36.7950900000000	1
1359	3	0	28.7863740000000	2.76997000000000	41.8702750000000	1
1360	1	0	27.1871310000000	5.53994000000000	1.26879600000000	1
1361	2	0	27.1871310000000	5.53994000000000	6.34398100000000	1
1362	3	0	27.1871310000000	5.53994000000000	11.4191660000000	1
1363	3	0	27.1871310000000	5.53994000000000	16.4943510000000	1
1364	3	0	27.1871310000000	5.53994000000000	21.5695350000000	1
1365	3	0	27.1871310000000	5.53994000000000	26.6447200000000	1
1366	3	0	27.1871310000000	5.53994000000000	31.7199050000000	1
1367	3	0	27.1871310000000	5.53994000000000	36.7950900000000	1
1368	3	0	27.1871310000000	5.53994000000000	41.8702750000000	1
1369	1	0	25.5878880000000	8.30991000000000	1.26879600000000	1
1370	2	0	25.5878880000000	8.30991000000000	6.34398100000000	1
1371	3	0	25.5878880000000	8.30991000000000	11.4191660000000	1
1372	3	0	25.5878880000000	8.30991000000000	16.4943510000000	1
1373	3	0	25.5878880000000	8.30991000000000	21.5695350000000	1
1374	3	0	25.5878880000000	8.30991000000000	26.6447200000000	1
1375	3	0	25.5878880000000	8.30991000000000	31.7199050000000	1
1376	3	0	25.5878880000000	8.30991000000000	36.7950900000000	1
1377	3	0	25.5878880000000	8.30991000000000	41.8702750000000	1
1378	1	0	23.9886450000000	11.0798800000000	1.26879600000000	1
1379	2	0	23.9886450000000	11.0798800000000	6.34398100000000	1
1380	3	0	23.9886450000000	11.0798800000000	11.4191660000000	1
1381	3	0	23.9886450000000	11.0798800000000	16.4943510000000	1
1382	3	0	23.9886450000000	11.0798800000000	21.5695350000000	1
1383	3	0	23.9886450000000	11.0798800000000	26.6447200000000	1
1384	3	0	23.9886450000000	11.0798800000000	31.7199050000000	1
1385	3	0	23.9886450000000	11.0798800000000	36.7950900000000	1
1386	3	0	23.9886450000000	11.0798800000000	41.8702750000000	1
1387	1	0	22.3894030000000	13.8498500000000	1.26879600000000	1
1388	2	0	22.3894030000000	13.8498500000000	6.34398100000000	1
1389	3	0	22.3894030000000	13.8498500000000	11.4191660000000	1
1390	3	0	22.3894030000000	13.8498500000000	16.4943510000000	1
1391	3	0	22.3894030000000	13.8498500000000	21.5695350000000	1
1392	3	0	22.3894030000000	13.8498500000000	26.6447200000000	1
1393	3	0	22.3894030000000	13.8498500000000	31.7199050000000	1
1394	3	0	22.3894030000000	13.8498500000000	36.7950900000000	1
1395	3	0	22.3894030000000	13.8498500000000	41.8702750000000	1
1396	1	0	20.7901600000000	16.6198200000000	1.26879600000000	1
1397	2	0	20.7901600000000	16.6198200000000	6.34398100000000	1
1398	3	0	20.7901600000000	16.6198200000000	11.4191660000000	1
1399	3	0	20.7901600000000	16.6198200000000	16.4943510000000	1
1400	3	0	20.7901600000000	16.6198200000000	21.5695350000000	1
1401	3	0	20.7901600000000	16.6198200000000	26.6447200000000	1
1402	3	0	20.7901600000000	16.6198200000000	31.7199050000000	1
1403	3	0	20.7901600000000	16.6198200000000	36.7950900000000	1
1404	3	0	20.7901600000000	16.6198200000000	41.8702750000000	1
1405	1	0	19.1909170000000	19.3897900000000	1.26879600000000	1
1406	2	0	19.1909170000000	19.3897900000000	6.34398100000000	1
1407	3	0	19.1909170000000	19.3897900000000	11.4191660000000	1
1408	3	0	19.1909170000000	19.3897900000000	16.4943510000000	1
1409	3	0	19.1909170000000	19.3897900000000	21.5695350000000	1
1410	3	0	19.1909170000000	19.3897900000000	26.6447200000000	1
1411	3	0	19.1909170000000	19.3897900000000	31.7199050000000	1
1412	3	0	19.1909170000000	19.3897900000000	36.7950900000000	1
1413	3	0	19.1909170000000	19.3897900000000	41.8702750000000	1
1414	1	0	17.5916740000000	22.1597600000000	1.26879600000000	1
1415	2	0	17.5916740000000	22.1597600000000	6.34398100000000	1
1416	3	0	17.5916740000000	22.1597600000000	11.4191660000000	1
1417	3	0	17.5916740000000	22.1597600000000	16.4943510000000	1
1418	3	0	17.5916740000000	22.1597600000000	21.5695350000000	1
1419	3	0	17.5916740000000	22.1597600000000	26.6447200000000	1
1420	3	0	17.5916740000000	22.1597600000000	31.7199050000000	1
1421	3	0	17.5916740000000	22.1597600000000	36.7950900000000	1
1422	3	0	17.5916740000000	22.1597600000000	41.8702750000000	1
1423	1	0	15.9924310000000	24.9297300000000	1.26879600000000	1
1424	2	0	15.9924310000000	24.9297300000000	6.34398100000000	1
1425	3	0	15.9924310000000	24.9297300000000	11.4191660000000	1
1426	3	0	15.9924310000000	24.9297300000000	16.4943510000000	1
1427	3	0	15.9924310000000	24.9297300000000	21.5695350000000	1
1428	3	0	15.9924310000000	24.9297300000000	26.6447200000000	1
1429	3	0	15.9924310000000	24.9297300000000	31.7199050000000	1
1430	3	0	15.9924310000000	24.9297300000000	36.7950900000000	1
1431	3	0	15.9924310000000	24.9297300000000	41.8702750000000	1
1432	1	0	14.3931880000000	27.6997000000000	1.26879600000000	1
1433	2	0	14.3931880000000	27.6997000000000	6.34398100000000	1
1434	3	0	14.3931880000000	27.6997000000000	11.4191660000000	1
1435	3	0	14.3931880000000	27.6997000000000	16.4943510000000	1
1436	3	0	14.3931880000000	27.6997000000000	21.5695350000000	1
1437	3	0	14.3931880000000	27.6997000000000	26.6447200000000	1
1438	3	0	14.3931880000000	27.6997000000000	31.7199050000000	1
1439	3	0	14.3931880000000	27.6997000000000	36.7950900000000	1
1440	3	0	14.3931880000000	27.6997000000000	41.8702750000000	1
1441	1	0	28.7863740000000	8.30991000000000	1.26879600000000	1
1442	2	0	28.7863740000000	8.30991000000000	6.34398100000000	1
1443	3	0	28.7863740000000	8.30991000000000	11.4191660000000	1
1444	3	0	28.7863740000000	8.30991000000000	16.4943510000000	1
1445	3	0	28.7863740000000	8.30991000000000	21.5695350000000	1
1446	3	0	28.7863740000000	8.30991000000000	26.6447200000000	1
1447	3	0	28.7863740000000	8.30991000000000	31.7199050000000	1
1448	3	0	28.7863740000000	8.30991000000000	36.7950900000000	1
1449	3	0	28.7863740000000	8.30991000000000	41.8702750000000	1
1450	1	0	27.1871310000000	11.0798800000000	1.26879600000000	1
1451	2	0	27.1871310000000	11.0798800000000	6.34398100000000	1
1452	3	0	27.1871310000000	11.0798800000000	11.4191660000000	1
1453	3	0	27.1871310000000	11.0798800000000	16.4943510000000	1
1454	3	0	27.1871310000000	11.0798800000000	21.5695350000000	1
1455	3	0	27.1871310000000	11.0798800000000	26.6447200000000	1
1456	3	0	27.1871310000000	11.0798800000000	31.7199050000000	1
1457	3	0	27.1871310000000	11.0798800000000	36.7950900000000	1
1458	3	0	27.1871310000000	11.0798800000000	41.8702750000000	1
1459	1	0	25.5878880000000	13.8498500000000	1.26879600000000	1
1460	2	0	25.5878880000000	13.8498500000000	6.34398100000000	1
1461	3	0	25.5878880000000	13.8498500000000	11.4191660000000	1
1462	3	0	25.5878880000000	13.8498500000000	16.4943510000000	1
1463	3	0	25.5878880000000	13.8498500000000	21.5695350000000	1
1464	3	0	25.5878880000000	13.8498500000000	26.6447200000000	1
1465	3	0	25.5878880000000	13.8498500000000	31.7199050000000	1
1466	3	0	25.5878880000000	13.8498500000000	36.7950900000000	1
1467	3	0	25.5878880000000	13.8498500000000	41.8702750000000	1
1468	1	0	23.9886450000000	16.6198200000000	1.26879600000000	1
1469	2	0	23.9886450000000	16.6198200000000	6.34398100000000	1
1470	3	0	23.9886450000000	16.6198200000000	11.4191660000000	1
1471	3	0	23.9886450000000	16.6198200000000	16.4943510000000	1
1472	3	0	23.9886450000000	16.6198200000000	21.5695350000000	1
1473	3	0	23.9886450000000	16.6198200000000	26.6447200000000	1
1474	3	0	23.9886450000000	16.6198200000000	31.7199050000000	1
1475	3	0	23.9886450000000	16.6198200000000	36.7950900000000	1
1476	3	0	23.9886450000000	16.6198200000000	41.8702750000000	1
1477	1	0	22.3894030000000	19.3897900000000	1.26879600000000	1
1478	2	0	22.3894030000000	19.3897900000000	6.34398100000000	1
1479	3	0	22.3894030000000	19.3897900000000	11.4191660000000	1
1480	3	0	22.3894030000000	19.3897900000000	16.4943510000000	1
1481	3	0	22.3894030000000	19.3897900000000	21.5695350000000	1
1482	3	0	22.3894030000000	19.3897900000000	26.6447200000000	1
1483	3	0	22.3894030000000	19.3897900000000	31.7199050000000	1
1484	3	0	22.3894030000000	19.3897900000000	36.7950900000000	1
1485	3	0	22.3894030000000	19.3897900000000	41.8702750000000	1
1486	1	0	20.7901600000000	22.1597600000000	1.26879600000000	1
1487	2	0	20.7901600000000	22.1597600000000	6.34398100000000	1
1488	3	0	20.7901600000000	22.1597600000000	11.4191660000000	1
1489	3	0	20.7901600000000	22.1597600000000	16.4943510000000	1
1490	3	0	20.7901600000000	22.1597600000000	21.5695350000000	1
1491	3	0	20.7901600000000	22.1597600000000	26.6447200000000	1
1492	3	0	20.7901600000000	22.1597600000000	31.7199050000000	1
1493	3	0	20.7901600000000	22.1597600000000	36.7950900000000	1
1494	3	0	20.7901600000000	22.1597600000000	41.8702750000000	1
1495	1	0	19.1909170000000	24.9297300000000	1.26879600000000	1
1496	2	0	19.1909170000000	24.9297300000000	6.34398100000000	1
1497	3	0	19.1909170000000	24.9297300000000	11.4191660000000	1
1498	3	0	19.1909170000000	24.9297300000000	16.4943510000000	1
1499	3	0	19.1909170000000	24.9297300000000	21.5695350000000	1
1500	3	0	19.1909170000000	24.9297300000000	26.6447200000000	1
1501	3	0	19.1909170000000	24.9297300000000	31.7199050000000	1
1502	3	0	19.1909170000000	24.9297300000000	36.7950900000000	1
1503	3	0	19.1909170000000	24.9297300000000	41.8702750000000	1
1504	1	0	17.5916740000000	27.6997000000000	1.26879600000000	1
1505	2	0	17.5916740000000	27.6997000000000	6.34398100000000	1
1506	3	0	17.5916740000000	27.6997000000000	11.4191660000000	1
1507	3	0	17.5916740000000	27.6997000000000	16.4943510000000	1
1508	3	0	17.5916740000000	27.6997000000000	21.5695350000000	1
1509	3	0	17.5916740000000	27.6997000000000	26.6447200000000	1
1510	3	0	17.5916740000000	27.6997000000000	31.7199050000000	1
1511	3	0	17.5916740000000	27.6997000000000	36.7950900000000	1
1512	3	0	17.5916740000000	27.6997000000000	41.8702750000000	1
1513	1	0	28.7863740000000	13.8498500000000	1.26879600000000	1
1514	2	0	28.7863740000000	13.8498500000000	6.34398100000000	1
1515	3	0	28.7863740000000	13.8498500000000	11.4191660000000	1
1516	3	0	28.7863740000000	13.8498500000000	16.4943510000000	1
1517	3	0	28.7863740000000	13.8498500000000	21.5695350000000	1
1518	3	0	28.7863740000000	13.8498500000000	26.6447200000000	1
1519	3	0	28.7863740000000	13.8498500000000	31.7199050000000	1
1520	3	0	28.7863740000000	13.8498500000000	36.7950900000000	1
1521	3	0	28.7863740000000	13.8498500000000	41.8702750000000	1
1522	1	0	27.1871310000000	16.6198200000000	1.26879600000000	1
1523	2	0	27.1871310000000	16.6198200000000	6.34398100000000	1
1524	3	0	27.1871310000000	16.6198200000000	11.4191660000000	1
1525	3	0	27.1871310000000	16.6198200000000	16.4943510000000	1
1526	3	0	27.1871310000000	16.6198200000000	21.5695350000000	1
1527	3	0	27.1871310000000	16.6198200000000	26.6447200000000	1
1528	3	0	27.1871310000000	16.6198200000000	31.7199050000000	1
1529	3	0	27.1871310000000	16.6198200000000	36.7950900000000	1
1530	3	0	27.1871310000000	16.6198200000000	41.8702750000000	1
1531	1	0	25.5878880000000	19.3897900000000	1.26879600000000	1
1532	2	0	25.5878880000000	19.3897900000000	6.34398100000000	1
1533	3	0	25.5878880000000	19.3897900000000	11.4191660000000	1
1534	3	0	25.5878880000000	19.3897900000000	16.4943510000000	1
1535	3	0	25.5878880000000	19.3897900000000	21.5695350000000	1
1536	3	0	25.5878880000000	19.3897900000000	26.6447200000000	1
1537	3	0	25.5878880000000	19.3897900000000	31.7199050000000	1
1538	3	0	25.5878880000000	19.3897900000000	36.7950900000000	1
1539	3	0	25.5878880000000	19.3897900000000	41.8702750000000	1
1540	1	0	23.9886450000000	22.1597600000000	1.26879600000000	1
1541	2	0	23.9886450000000	22.1597600000000	6.34398100000000	1
1542	3	0	23.9886450000000	22.1597600000000	11.4191660000000	1
1543	3	0	23.9886450000000	22.1597600000000	16.4943510000000	1
1544	3	0	23.9886450000000	22.1597600000000	21.5695350000000	1
1545	3	0	23.9886450000000	22.1597600000000	26.6447200000000	1
1546	3	0	23.9886450000000	22.1597600000000	31.7199050000000	1
1547	3	0	23.9886450000000	22.1597600000000	36.7950900000000	1
1548	3	0	23.9886450000000	22.1597600000000	41.8702750000000	1
1549	1	0	22.3894030000000	24.9297300000000	1.26879600000000	1
1550	2	0	22.3894030000000	24.9297300000000	6.34398100000000	1
1551	3	0	22.3894030000000	24.9297300000000	11.4191660000000	1
1552	3	0	22.3894030000000	24.9297300000000	16.4943510000000	1
1553	3	0	22.3894030000000	24.9297300000000	21.5695350000000	1
1554	3	0	22.3894030000000	24.9297300000000	26.6447200000000	1
1555	3	0	22.3894030000000	24.9297300000000	31.7199050000000	1
1556	3	0	22.3894030000000	24.9297300000000	36.7950900000000	1
1557	3	0	22.3894030000000	24.9297300000000	41.8702750000000	1
1558	1	0	20.7901600000000	27.6997000000000	1.26879600000000	1
1559	2	0	20.7901600000000	27.6997000000000	6.34398100000000	1
1560	3	0	20.7901600000000	27.6997000000000	11.4191660000000	1
1561	3	0	20.7901600000000	27.6997000000000	16.4943510000000	1
1562	3	0	20.7901600000000	27.6997000000000	21.5695350000000	1
1563	3	0	20.7901600000000	27.6997000000000	26.6447200000000	1
1564	3	0	20.7901600000000	27.6997000000000	31.7199050000000	1
1565	3	0	20.7901600000000	27.6997000000000	36.7950900000000	1
1566	3	0	20.7901600000000	27.6997000000000	41.8702750000000	1
1567	1	0	28.7863740000000	19.3897900000000	1.26879600000000	1
1568	2	0	28.7863740000000	19.3897900000000	6.34398100000000	1
1569	3	0	28.7863740000000	19.3897900000000	11.4191660000000	1
1570	3	0	28.7863740000000	19.3897900000000	16.4943510000000	1
1571	3	0	28.7863740000000	19.3897900000000	21.5695350000000	1
1572	3	0	28.7863740000000	19.3897900000000	26.6447200000000	1
1573	3	0	28.7863740000000	19.3897900000000	31.7199050000000	1
1574	3	0	28.7863740000000	19.3897900000000	36.7950900000000	1
1575	3	0	28.7863740000000	19.3897900000000	41.8702750000000	1
1576	1	0	27.1871310000000	22.1597600000000	1.26879600000000	1
1577	2	0	27.1871310000000	22.1597600000000	6.34398100000000	1
1578	3	0	27.1871310000000	22.1597600000000	11.4191660000000	1
1579	3	0	27.1871310000000	22.1597600000000	16.4943510000000	1
1580	3	0	27.1871310000000	22.1597600000000	21.5695350000000	1
1581	3	0	27.1871310000000	22.1597600000000	26.6447200000000	1
1582	3	0	27.1871310000000	22.1597600000000	31.7199050000000	1
1583	3	0	27.1871310000000	22.1597600000000	36.7950900000000	1
1584	3	0	27.1871310000000	22.1597600000000	41.8702750000000	1
1585	1	0	25.5878880000000	24.9297300000000	1.26879600000000	1
1586	2	0	25.5878880000000	24.9297300000000	6.34398100000000	1
1587	3	0	25.5878880000000	24.9297300000000	11.4191660000000	1
1588	3	0	25.5878880000000	24.9297300000000	16.4943510000000	1
1589	3	0	25.5878880000000	24.9297300000000	21.5695350000000	1
1590	3	0	25.5878880000000	24.9297300000000	26.6447200000000	1
1591	3	0	25.5878880000000	24.9297300000000	31.7199050000000	1
1592	3	0	25.5878880000000	24.9297300000000	36.7950900000000	1
1593	3	0	25.5878880000000	24.9297300000000	41.8702750000000	1
1594	1	0	23.9886450000000	27.6997000000000	1.26879600000000	1
1595	2	0	23.9886450000000	27.6997000000000	6.34398100000000	1
1596	3	0	23.9886450000000	27.6997000000000	11.4191660000000	1
1597	3	0	23.9886450000000	27.6997000000000	16.4943510000000	1
1598	3	0	23.9886450000000	27.6997000000000	21.5695350000000	1
1599	3	0	23.9886450000000	27.6997000000000	26.6447200000000	1
1600	3	0	23.9886450000000	27.6997000000000	31.7199050000000	1
1601	3	0	23.9886450000000	27.6997000000000	36.7950900000000	1
1602	3	0	23.9886450000000	27.6997000000000	41.8702750000000	1
1603	1	0	28.7863740000000	24.9297300000000	1.26879600000000	1
1604	2	0	28.7863740000000	24.9297300000000	6.34398100000000	1
1605	3	0	28.7863740000000	24.9297300000000	11.4191660000000	1
1606	3	0	28.7863740000000	24.9297300000000	16.4943510000000	1
1607	3	0	28.7863740000000	24.9297300000000	21.5695350000000	1
1608	3	0	28.7863740000000	24.9297300000000	26.6447200000000	1
1609	3	0	28.7863740000000	24.9297300000000	31.7199050000000	1
1610	3	0	28.7863740000000	24.9297300000000	36.7950900000000	1
1611	3	0	28.7863740000000	24.9297300000000	41.8702750000000	1
1612	1	0	27.1871310000000	27.6997000000000	1.26879600000000	1
1613	2	0	27.1871310000000	27.6997000000000	6.34398100000000	1
1614	3	0	27.1871310000000	27.6997000000000	11.4191660000000	1
1615	3	0	27.1871310000000	27.6997000000000	16.4943510000000	1
1616	3	0	27.1871310000000	27.6997000000000	21.5695350000000	1
1617	3	0	27.1871310000000	27.6997000000000	26.6447200000000	1
1618	3	0	27.1871310000000	27.6997000000000	31.7199050000000	1
1619	3	0	27.1871310000000	27.6997000000000	36.7950900000000	1
1620	3	0	27.1871310000000	27.6997000000000	41.8702750000000	1